# Selection : patch(inlet)
# Faces  :    30
# Area   :    2.540000e-05
# Time        	areaAverage(p)	areaAverage(U)
0             	0.000000e+00	(1.000000e+01 0.000000e+00 0.000000e+00)
0.000119048   	1.559167e+04	(1.000000e+01 0.000000e+00 0.000000e+00)
0.00019685    	2.810022e+01	(1.000000e+01 0.000000e+00 0.000000e+00)
0.000284379   	3.798261e+01	(1.000000e+01 0.000000e+00 0.000000e+00)
0.000375179   	1.073771e+01	(1.000000e+01 0.000000e+00 0.000000e+00)
0.000472399   	1.259086e+01	(1.000000e+01 0.000000e+00 0.000000e+00)
0.000573757   	1.184755e+01	(1.000000e+01 0.000000e+00 0.000000e+00)
0.000679669   	1.170138e+01	(1.000000e+01 0.000000e+00 0.000000e+00)
0.00078932    	1.139852e+01	(1.000000e+01 0.000000e+00 0.000000e+00)
0.000903032   	1.135536e+01	(1.000000e+01 0.000000e+00 0.000000e+00)
0.00101966    	1.119599e+01	(1.000000e+01 0.000000e+00 0.000000e+00)
0.0011394     	1.108542e+01	(1.000000e+01 0.000000e+00 0.000000e+00)
0.00126246    	1.101432e+01	(1.000000e+01 0.000000e+00 0.000000e+00)
0.00138909    	1.087118e+01	(1.000000e+01 0.000000e+00 0.000000e+00)
0.00151761    	1.085957e+01	(1.000000e+01 0.000000e+00 0.000000e+00)
0.00164811    	1.081994e+01	(1.000000e+01 0.000000e+00 0.000000e+00)
0.00178068    	1.089372e+01	(1.000000e+01 0.000000e+00 0.000000e+00)
0.00191542    	1.090175e+01	(1.000000e+01 0.000000e+00 0.000000e+00)
0.00205245    	1.103184e+01	(1.000000e+01 0.000000e+00 0.000000e+00)
0.00219188    	1.107904e+01	(1.000000e+01 0.000000e+00 0.000000e+00)
0.00233385    	1.125014e+01	(1.000000e+01 0.000000e+00 0.000000e+00)
0.00247581    	1.128358e+01	(1.000000e+01 0.000000e+00 0.000000e+00)
0.00261778    	1.142245e+01	(1.000000e+01 0.000000e+00 0.000000e+00)
0.00276253    	1.145904e+01	(1.000000e+01 0.000000e+00 0.000000e+00)
0.00290728    	1.151266e+01	(1.000000e+01 0.000000e+00 0.000000e+00)
0.00305203    	1.155210e+01	(1.000000e+01 0.000000e+00 0.000000e+00)
0.00319986    	1.147418e+01	(1.000000e+01 0.000000e+00 0.000000e+00)
0.00334769    	1.146494e+01	(1.000000e+01 0.000000e+00 0.000000e+00)
0.00349552    	1.145204e+01	(1.000000e+01 0.000000e+00 0.000000e+00)
0.00364334    	1.141859e+01	(1.000000e+01 0.000000e+00 0.000000e+00)
0.00379469    	1.136090e+01	(1.000000e+01 0.000000e+00 0.000000e+00)
0.00394604    	1.130845e+01	(1.000000e+01 0.000000e+00 0.000000e+00)
0.00409739    	1.123075e+01	(1.000000e+01 0.000000e+00 0.000000e+00)
0.00425272    	1.114071e+01	(1.000000e+01 0.000000e+00 0.000000e+00)
0.00440806    	1.105932e+01	(1.000000e+01 0.000000e+00 0.000000e+00)
0.00456339    	1.096208e+01	(1.000000e+01 0.000000e+00 0.000000e+00)
0.00472329    	1.083790e+01	(1.000000e+01 0.000000e+00 0.000000e+00)
0.00488319    	1.072459e+01	(1.000000e+01 0.000000e+00 0.000000e+00)
0.00504309    	1.058905e+01	(1.000000e+01 0.000000e+00 0.000000e+00)
0.00520832    	1.044368e+01	(1.000000e+01 0.000000e+00 0.000000e+00)
0.00537355    	1.030350e+01	(1.000000e+01 0.000000e+00 0.000000e+00)
0.00553878    	1.015200e+01	(1.000000e+01 0.000000e+00 0.000000e+00)
0.00570401    	9.993795e+00	(1.000000e+01 0.000000e+00 0.000000e+00)
0.00587585    	9.801013e+00	(1.000000e+01 0.000000e+00 0.000000e+00)
0.00604769    	9.651454e+00	(1.000000e+01 0.000000e+00 0.000000e+00)
0.00621953    	9.480258e+00	(1.000000e+01 0.000000e+00 0.000000e+00)
0.00639137    	9.301552e+00	(1.000000e+01 0.000000e+00 0.000000e+00)
0.00656321    	9.130412e+00	(1.000000e+01 0.000000e+00 0.000000e+00)
0.00673505    	8.953438e+00	(1.000000e+01 0.000000e+00 0.000000e+00)
0.00690689    	8.781631e+00	(1.000000e+01 0.000000e+00 0.000000e+00)
0.00708883    	8.567979e+00	(1.000000e+01 0.000000e+00 0.000000e+00)
0.00727078    	8.423994e+00	(1.000000e+01 0.000000e+00 0.000000e+00)
0.00745273    	8.255852e+00	(1.000000e+01 0.000000e+00 0.000000e+00)
0.00763468    	8.087454e+00	(1.000000e+01 0.000000e+00 0.000000e+00)
0.00781663    	7.928983e+00	(1.000000e+01 0.000000e+00 0.000000e+00)
0.00799857    	7.769805e+00	(1.000000e+01 0.000000e+00 0.000000e+00)
0.00818052    	7.618149e+00	(1.000000e+01 0.000000e+00 0.000000e+00)
0.00836247    	7.464650e+00	(1.000000e+01 0.000000e+00 0.000000e+00)
0.00854442    	7.321329e+00	(1.000000e+01 0.000000e+00 0.000000e+00)
0.00872637    	7.177110e+00	(1.000000e+01 0.000000e+00 0.000000e+00)
0.00890831    	7.044942e+00	(1.000000e+01 0.000000e+00 0.000000e+00)
0.00909026    	6.910039e+00	(1.000000e+01 0.000000e+00 0.000000e+00)
0.00927221    	6.790426e+00	(1.000000e+01 0.000000e+00 0.000000e+00)
0.00945416    	6.661897e+00	(1.000000e+01 0.000000e+00 0.000000e+00)
0.0096361     	6.551788e+00	(1.000000e+01 0.000000e+00 0.000000e+00)
0.00981805    	6.434069e+00	(1.000000e+01 0.000000e+00 0.000000e+00)
0.01          	6.331068e+00	(1.000000e+01 0.000000e+00 0.000000e+00)
0.0102041     	6.206531e+00	(1.000000e+01 0.000000e+00 0.000000e+00)
0.0104082     	6.106779e+00	(1.000000e+01 0.000000e+00 0.000000e+00)
0.0106122     	5.999380e+00	(1.000000e+01 0.000000e+00 0.000000e+00)
0.0108209     	5.893043e+00	(1.000000e+01 0.000000e+00 0.000000e+00)
0.0110295     	5.795190e+00	(1.000000e+01 0.000000e+00 0.000000e+00)
0.0112381     	5.698398e+00	(1.000000e+01 0.000000e+00 0.000000e+00)
0.0114467     	5.610618e+00	(1.000000e+01 0.000000e+00 0.000000e+00)
0.0116553     	5.524182e+00	(1.000000e+01 0.000000e+00 0.000000e+00)
0.0118639     	5.448560e+00	(1.000000e+01 0.000000e+00 0.000000e+00)
0.0120781     	5.372947e+00	(1.000000e+01 0.000000e+00 0.000000e+00)
0.0122922     	5.304841e+00	(1.000000e+01 0.000000e+00 0.000000e+00)
0.0125063     	5.248452e+00	(1.000000e+01 0.000000e+00 0.000000e+00)
0.0127204     	5.191462e+00	(1.000000e+01 0.000000e+00 0.000000e+00)
0.0129345     	5.144266e+00	(1.000000e+01 0.000000e+00 0.000000e+00)
0.0131486     	5.101168e+00	(1.000000e+01 0.000000e+00 0.000000e+00)
0.0133627     	5.063584e+00	(1.000000e+01 0.000000e+00 0.000000e+00)
0.0135768     	5.031915e+00	(1.000000e+01 0.000000e+00 0.000000e+00)
0.0137983     	5.010552e+00	(1.000000e+01 0.000000e+00 0.000000e+00)
0.0140198     	4.984139e+00	(1.000000e+01 0.000000e+00 0.000000e+00)
0.0142413     	4.977780e+00	(1.000000e+01 0.000000e+00 0.000000e+00)
0.0144628     	4.964438e+00	(1.000000e+01 0.000000e+00 0.000000e+00)
0.0146842     	4.970634e+00	(1.000000e+01 0.000000e+00 0.000000e+00)
0.0149057     	4.973529e+00	(1.000000e+01 0.000000e+00 0.000000e+00)
0.0151272     	4.989972e+00	(1.000000e+01 0.000000e+00 0.000000e+00)
0.0153487     	5.008918e+00	(1.000000e+01 0.000000e+00 0.000000e+00)
0.0155702     	5.037898e+00	(1.000000e+01 0.000000e+00 0.000000e+00)
0.0157917     	5.073551e+00	(1.000000e+01 0.000000e+00 0.000000e+00)
0.0160132     	5.113845e+00	(1.000000e+01 0.000000e+00 0.000000e+00)
0.0162347     	5.159480e+00	(1.000000e+01 0.000000e+00 0.000000e+00)
0.0164562     	5.217874e+00	(1.000000e+01 0.000000e+00 0.000000e+00)
0.0166777     	5.277505e+00	(1.000000e+01 0.000000e+00 0.000000e+00)
0.0168991     	5.341722e+00	(1.000000e+01 0.000000e+00 0.000000e+00)
0.0171206     	5.410387e+00	(1.000000e+01 0.000000e+00 0.000000e+00)
0.0173421     	5.485334e+00	(1.000000e+01 0.000000e+00 0.000000e+00)
0.0175636     	5.561904e+00	(1.000000e+01 0.000000e+00 0.000000e+00)
0.0177851     	5.642587e+00	(1.000000e+01 0.000000e+00 0.000000e+00)
0.0180066     	5.727651e+00	(1.000000e+01 0.000000e+00 0.000000e+00)
0.0182281     	5.813658e+00	(1.000000e+01 0.000000e+00 0.000000e+00)
0.0184496     	5.906735e+00	(1.000000e+01 0.000000e+00 0.000000e+00)
0.0186711     	5.991479e+00	(1.000000e+01 0.000000e+00 0.000000e+00)
0.0188926     	6.082201e+00	(1.000000e+01 0.000000e+00 0.000000e+00)
0.019114      	6.168387e+00	(1.000000e+01 0.000000e+00 0.000000e+00)
0.0193355     	6.251424e+00	(1.000000e+01 0.000000e+00 0.000000e+00)
0.019557      	6.337239e+00	(1.000000e+01 0.000000e+00 0.000000e+00)
0.0197785     	6.411877e+00	(1.000000e+01 0.000000e+00 0.000000e+00)
0.02          	6.489660e+00	(1.000000e+01 0.000000e+00 0.000000e+00)
0.0202273     	6.557123e+00	(1.000000e+01 0.000000e+00 0.000000e+00)
0.0204545     	6.624460e+00	(1.000000e+01 0.000000e+00 0.000000e+00)
0.0206818     	6.663888e+00	(1.000000e+01 0.000000e+00 0.000000e+00)
0.0209091     	6.720283e+00	(1.000000e+01 0.000000e+00 0.000000e+00)
0.0211364     	6.752828e+00	(1.000000e+01 0.000000e+00 0.000000e+00)
0.0213636     	6.783720e+00	(1.000000e+01 0.000000e+00 0.000000e+00)
0.0215909     	6.796943e+00	(1.000000e+01 0.000000e+00 0.000000e+00)
0.0218182     	6.803183e+00	(1.000000e+01 0.000000e+00 0.000000e+00)
0.0220455     	6.795684e+00	(1.000000e+01 0.000000e+00 0.000000e+00)
0.0222727     	6.773723e+00	(1.000000e+01 0.000000e+00 0.000000e+00)
0.0225        	6.745379e+00	(1.000000e+01 0.000000e+00 0.000000e+00)
0.0227273     	6.695530e+00	(1.000000e+01 0.000000e+00 0.000000e+00)
0.0229545     	6.644455e+00	(1.000000e+01 0.000000e+00 0.000000e+00)
0.0231818     	6.568007e+00	(1.000000e+01 0.000000e+00 0.000000e+00)
0.0234091     	6.490263e+00	(1.000000e+01 0.000000e+00 0.000000e+00)
0.0236364     	6.392430e+00	(1.000000e+01 0.000000e+00 0.000000e+00)
0.0238636     	6.285632e+00	(1.000000e+01 0.000000e+00 0.000000e+00)
0.0240909     	6.168441e+00	(1.000000e+01 0.000000e+00 0.000000e+00)
0.0243182     	6.036878e+00	(1.000000e+01 0.000000e+00 0.000000e+00)
0.0245455     	5.860025e+00	(1.000000e+01 0.000000e+00 0.000000e+00)
0.0247727     	5.695088e+00	(1.000000e+01 0.000000e+00 0.000000e+00)
0.025         	5.565680e+00	(1.000000e+01 0.000000e+00 0.000000e+00)
0.0252273     	5.357810e+00	(1.000000e+01 0.000000e+00 0.000000e+00)
0.0254545     	5.223761e+00	(1.000000e+01 0.000000e+00 0.000000e+00)
0.0256818     	4.999908e+00	(1.000000e+01 0.000000e+00 0.000000e+00)
0.0259091     	4.857275e+00	(1.000000e+01 0.000000e+00 0.000000e+00)
0.0261364     	4.622285e+00	(1.000000e+01 0.000000e+00 0.000000e+00)
0.0263636     	4.479462e+00	(1.000000e+01 0.000000e+00 0.000000e+00)
0.0265909     	4.232228e+00	(1.000000e+01 0.000000e+00 0.000000e+00)
0.0268182     	4.091646e+00	(1.000000e+01 0.000000e+00 0.000000e+00)
0.0270455     	3.833645e+00	(1.000000e+01 0.000000e+00 0.000000e+00)
0.0272727     	3.720896e+00	(1.000000e+01 0.000000e+00 0.000000e+00)
0.0275        	3.473509e+00	(1.000000e+01 0.000000e+00 0.000000e+00)
0.0277273     	3.361947e+00	(1.000000e+01 0.000000e+00 0.000000e+00)
0.0279545     	3.119593e+00	(1.000000e+01 0.000000e+00 0.000000e+00)
0.0281818     	3.029294e+00	(1.000000e+01 0.000000e+00 0.000000e+00)
0.0284091     	2.792043e+00	(1.000000e+01 0.000000e+00 0.000000e+00)
0.0286364     	2.724279e+00	(1.000000e+01 0.000000e+00 0.000000e+00)
0.0288312     	2.546698e+00	(1.000000e+01 0.000000e+00 0.000000e+00)
0.029026      	2.514720e+00	(1.000000e+01 0.000000e+00 0.000000e+00)
0.0292208     	2.354133e+00	(1.000000e+01 0.000000e+00 0.000000e+00)
0.0294156     	2.335240e+00	(1.000000e+01 0.000000e+00 0.000000e+00)
0.0296104     	2.214811e+00	(1.000000e+01 0.000000e+00 0.000000e+00)
0.0298052     	2.214126e+00	(1.000000e+01 0.000000e+00 0.000000e+00)
0.03          	2.124821e+00	(1.000000e+01 0.000000e+00 0.000000e+00)
0.0302174     	2.137634e+00	(1.000000e+01 0.000000e+00 0.000000e+00)
0.0304301     	2.070820e+00	(1.000000e+01 0.000000e+00 0.000000e+00)
0.0306427     	2.133887e+00	(1.000000e+01 0.000000e+00 0.000000e+00)
0.0308554     	2.081922e+00	(1.000000e+01 0.000000e+00 0.000000e+00)
0.0310681     	2.173928e+00	(1.000000e+01 0.000000e+00 0.000000e+00)
0.0312807     	2.127864e+00	(1.000000e+01 0.000000e+00 0.000000e+00)
0.0314883     	2.276508e+00	(1.000000e+01 0.000000e+00 0.000000e+00)
0.0316959     	2.242125e+00	(1.000000e+01 0.000000e+00 0.000000e+00)
0.0319035     	2.413890e+00	(1.000000e+01 0.000000e+00 0.000000e+00)
0.0321111     	2.404942e+00	(1.000000e+01 0.000000e+00 0.000000e+00)
0.0323187     	2.593079e+00	(1.000000e+01 0.000000e+00 0.000000e+00)
0.0325263     	2.596888e+00	(1.000000e+01 0.000000e+00 0.000000e+00)
0.0327339     	2.802451e+00	(1.000000e+01 0.000000e+00 0.000000e+00)
0.0329358     	2.814630e+00	(1.000000e+01 0.000000e+00 0.000000e+00)
0.0331376     	3.016249e+00	(1.000000e+01 0.000000e+00 0.000000e+00)
0.0333394     	3.054863e+00	(1.000000e+01 0.000000e+00 0.000000e+00)
0.0335413     	3.262243e+00	(1.000000e+01 0.000000e+00 0.000000e+00)
0.0337431     	3.305486e+00	(1.000000e+01 0.000000e+00 0.000000e+00)
0.0339449     	3.518268e+00	(1.000000e+01 0.000000e+00 0.000000e+00)
0.0341468     	3.575142e+00	(1.000000e+01 0.000000e+00 0.000000e+00)
0.0343486     	3.748143e+00	(1.000000e+01 0.000000e+00 0.000000e+00)
0.0345504     	3.855907e+00	(1.000000e+01 0.000000e+00 0.000000e+00)
0.0347523     	4.039716e+00	(1.000000e+01 0.000000e+00 0.000000e+00)
0.0349541     	4.155617e+00	(1.000000e+01 0.000000e+00 0.000000e+00)
0.035156      	4.345947e+00	(1.000000e+01 0.000000e+00 0.000000e+00)
0.0353578     	4.476810e+00	(1.000000e+01 0.000000e+00 0.000000e+00)
0.0355596     	4.676113e+00	(1.000000e+01 0.000000e+00 0.000000e+00)
0.0357615     	4.811407e+00	(1.000000e+01 0.000000e+00 0.000000e+00)
0.0359633     	5.033330e+00	(1.000000e+01 0.000000e+00 0.000000e+00)
0.0361651     	5.167729e+00	(1.000000e+01 0.000000e+00 0.000000e+00)
0.036367      	5.395023e+00	(1.000000e+01 0.000000e+00 0.000000e+00)
0.0365688     	5.537586e+00	(1.000000e+01 0.000000e+00 0.000000e+00)
0.0367706     	5.763610e+00	(1.000000e+01 0.000000e+00 0.000000e+00)
0.0369725     	5.911370e+00	(1.000000e+01 0.000000e+00 0.000000e+00)
0.0371743     	6.131809e+00	(1.000000e+01 0.000000e+00 0.000000e+00)
0.0373761     	6.287944e+00	(1.000000e+01 0.000000e+00 0.000000e+00)
0.037578      	6.498572e+00	(1.000000e+01 0.000000e+00 0.000000e+00)
0.0377798     	6.653929e+00	(1.000000e+01 0.000000e+00 0.000000e+00)
0.0379816     	6.861785e+00	(1.000000e+01 0.000000e+00 0.000000e+00)
0.0381835     	7.010558e+00	(1.000000e+01 0.000000e+00 0.000000e+00)
0.0383853     	7.210093e+00	(1.000000e+01 0.000000e+00 0.000000e+00)
0.0385872     	7.351981e+00	(1.000000e+01 0.000000e+00 0.000000e+00)
0.038789      	7.523824e+00	(1.000000e+01 0.000000e+00 0.000000e+00)
0.0389908     	7.638961e+00	(1.000000e+01 0.000000e+00 0.000000e+00)
0.0391927     	7.833728e+00	(1.000000e+01 0.000000e+00 0.000000e+00)
0.0393945     	7.847247e+00	(1.000000e+01 0.000000e+00 0.000000e+00)
0.0395963     	8.003307e+00	(1.000000e+01 0.000000e+00 0.000000e+00)
0.0397982     	7.932726e+00	(1.000000e+01 0.000000e+00 0.000000e+00)
0.04          	8.051158e+00	(1.000000e+01 0.000000e+00 0.000000e+00)
0.0402041     	7.892379e+00	(1.000000e+01 0.000000e+00 0.000000e+00)
0.0404082     	7.957195e+00	(1.000000e+01 0.000000e+00 0.000000e+00)
0.0406122     	7.707203e+00	(1.000000e+01 0.000000e+00 0.000000e+00)
0.0408163     	7.699799e+00	(1.000000e+01 0.000000e+00 0.000000e+00)
0.0410204     	7.370241e+00	(1.000000e+01 0.000000e+00 0.000000e+00)
0.0412245     	7.293160e+00	(1.000000e+01 0.000000e+00 0.000000e+00)
0.0414334     	6.891726e+00	(1.000000e+01 0.000000e+00 0.000000e+00)
0.0416424     	6.760478e+00	(1.000000e+01 0.000000e+00 0.000000e+00)
0.0418513     	6.372324e+00	(1.000000e+01 0.000000e+00 0.000000e+00)
0.0420603     	6.156269e+00	(1.000000e+01 0.000000e+00 0.000000e+00)
0.0422692     	5.722954e+00	(1.000000e+01 0.000000e+00 0.000000e+00)
0.0424781     	5.522780e+00	(1.000000e+01 0.000000e+00 0.000000e+00)
0.042693      	5.102756e+00	(1.000000e+01 0.000000e+00 0.000000e+00)
0.042908      	4.930861e+00	(1.000000e+01 0.000000e+00 0.000000e+00)
0.0431229     	4.550489e+00	(1.000000e+01 0.000000e+00 0.000000e+00)
0.0433378     	4.466331e+00	(1.000000e+01 0.000000e+00 0.000000e+00)
0.0435599     	4.138005e+00	(1.000000e+01 0.000000e+00 0.000000e+00)
0.0437819     	4.159172e+00	(1.000000e+01 0.000000e+00 0.000000e+00)
0.044004      	3.876960e+00	(1.000000e+01 0.000000e+00 0.000000e+00)
0.0442346     	4.067740e+00	(1.000000e+01 0.000000e+00 0.000000e+00)
0.0444652     	3.768840e+00	(1.000000e+01 0.000000e+00 0.000000e+00)
0.0446958     	4.167167e+00	(1.000000e+01 0.000000e+00 0.000000e+00)
0.0449265     	3.785325e+00	(1.000000e+01 0.000000e+00 0.000000e+00)
0.0451571     	4.424944e+00	(1.000000e+01 0.000000e+00 0.000000e+00)
0.0453877     	3.872014e+00	(1.000000e+01 0.000000e+00 0.000000e+00)
0.0456183     	4.783574e+00	(1.000000e+01 0.000000e+00 0.000000e+00)
0.0458489     	3.997518e+00	(1.000000e+01 0.000000e+00 0.000000e+00)
0.0460795     	5.147986e+00	(1.000000e+01 0.000000e+00 0.000000e+00)
0.0463102     	4.140898e+00	(1.000000e+01 0.000000e+00 0.000000e+00)
0.0465408     	5.452131e+00	(1.000000e+01 0.000000e+00 0.000000e+00)
0.0467714     	4.319999e+00	(1.000000e+01 0.000000e+00 0.000000e+00)
0.047002      	5.613811e+00	(1.000000e+01 0.000000e+00 0.000000e+00)
0.0472326     	4.520953e+00	(1.000000e+01 0.000000e+00 0.000000e+00)
0.0474632     	5.676077e+00	(1.000000e+01 0.000000e+00 0.000000e+00)
0.0476938     	4.657945e+00	(1.000000e+01 0.000000e+00 0.000000e+00)
0.0479245     	5.632569e+00	(1.000000e+01 0.000000e+00 0.000000e+00)
0.0481551     	4.723866e+00	(1.000000e+01 0.000000e+00 0.000000e+00)
0.0483857     	5.500142e+00	(1.000000e+01 0.000000e+00 0.000000e+00)
0.0486163     	4.697536e+00	(1.000000e+01 0.000000e+00 0.000000e+00)
0.0488469     	5.283869e+00	(1.000000e+01 0.000000e+00 0.000000e+00)
0.0490775     	4.563344e+00	(1.000000e+01 0.000000e+00 0.000000e+00)
0.0493082     	5.005387e+00	(1.000000e+01 0.000000e+00 0.000000e+00)
0.0495388     	4.379063e+00	(1.000000e+01 0.000000e+00 0.000000e+00)
0.0497694     	4.665477e+00	(1.000000e+01 0.000000e+00 0.000000e+00)
0.05          	4.114483e+00	(1.000000e+01 0.000000e+00 0.000000e+00)
0.0502326     	4.247957e+00	(1.000000e+01 0.000000e+00 0.000000e+00)
0.0504651     	3.776364e+00	(1.000000e+01 0.000000e+00 0.000000e+00)
0.0506977     	3.850255e+00	(1.000000e+01 0.000000e+00 0.000000e+00)
0.0509302     	3.417864e+00	(1.000000e+01 0.000000e+00 0.000000e+00)
0.0511628     	3.441553e+00	(1.000000e+01 0.000000e+00 0.000000e+00)
0.0513894     	3.053285e+00	(1.000000e+01 0.000000e+00 0.000000e+00)
0.051616      	3.067915e+00	(1.000000e+01 0.000000e+00 0.000000e+00)
0.0518426     	2.706952e+00	(1.000000e+01 0.000000e+00 0.000000e+00)
0.0520692     	2.708491e+00	(1.000000e+01 0.000000e+00 0.000000e+00)
0.0522958     	2.397889e+00	(1.000000e+01 0.000000e+00 0.000000e+00)
0.0525224     	2.401734e+00	(1.000000e+01 0.000000e+00 0.000000e+00)
0.052749      	2.105505e+00	(1.000000e+01 0.000000e+00 0.000000e+00)
0.0529687     	2.124792e+00	(1.000000e+01 0.000000e+00 0.000000e+00)
0.0531884     	1.882591e+00	(1.000000e+01 0.000000e+00 0.000000e+00)
0.0534013     	1.897324e+00	(1.000000e+01 0.000000e+00 0.000000e+00)
0.0536141     	1.731996e+00	(1.000000e+01 0.000000e+00 0.000000e+00)
0.0538201     	1.758537e+00	(1.000000e+01 0.000000e+00 0.000000e+00)
0.0540261     	1.669040e+00	(1.000000e+01 0.000000e+00 0.000000e+00)
0.0542321     	1.688358e+00	(1.000000e+01 0.000000e+00 0.000000e+00)
0.054431      	1.638142e+00	(1.000000e+01 0.000000e+00 0.000000e+00)
0.0546299     	1.684927e+00	(1.000000e+01 0.000000e+00 0.000000e+00)
0.0548288     	1.645244e+00	(1.000000e+01 0.000000e+00 0.000000e+00)
0.0550203     	1.724676e+00	(1.000000e+01 0.000000e+00 0.000000e+00)
0.0552119     	1.704780e+00	(1.000000e+01 0.000000e+00 0.000000e+00)
0.0554034     	1.805327e+00	(1.000000e+01 0.000000e+00 0.000000e+00)
0.0555949     	1.858614e+00	(1.000000e+01 0.000000e+00 0.000000e+00)
0.0557864     	1.937509e+00	(1.000000e+01 0.000000e+00 0.000000e+00)
0.055978      	1.994506e+00	(1.000000e+01 0.000000e+00 0.000000e+00)
0.0561695     	2.101493e+00	(1.000000e+01 0.000000e+00 0.000000e+00)
0.056361      	2.128270e+00	(1.000000e+01 0.000000e+00 0.000000e+00)
0.0565525     	2.279608e+00	(1.000000e+01 0.000000e+00 0.000000e+00)
0.0567441     	2.323272e+00	(1.000000e+01 0.000000e+00 0.000000e+00)
0.0569356     	2.453851e+00	(1.000000e+01 0.000000e+00 0.000000e+00)
0.0571271     	2.535068e+00	(1.000000e+01 0.000000e+00 0.000000e+00)
0.0573186     	2.664007e+00	(1.000000e+01 0.000000e+00 0.000000e+00)
0.0575102     	2.755165e+00	(1.000000e+01 0.000000e+00 0.000000e+00)
0.0577017     	2.877005e+00	(1.000000e+01 0.000000e+00 0.000000e+00)
0.0578932     	2.970230e+00	(1.000000e+01 0.000000e+00 0.000000e+00)
0.0580847     	3.097464e+00	(1.000000e+01 0.000000e+00 0.000000e+00)
0.0582763     	3.182993e+00	(1.000000e+01 0.000000e+00 0.000000e+00)
0.0584678     	3.295220e+00	(1.000000e+01 0.000000e+00 0.000000e+00)
0.0586593     	3.345383e+00	(1.000000e+01 0.000000e+00 0.000000e+00)
0.0588508     	3.461124e+00	(1.000000e+01 0.000000e+00 0.000000e+00)
0.0590424     	3.515897e+00	(1.000000e+01 0.000000e+00 0.000000e+00)
0.0592339     	3.630640e+00	(1.000000e+01 0.000000e+00 0.000000e+00)
0.0594254     	3.684365e+00	(1.000000e+01 0.000000e+00 0.000000e+00)
0.0596169     	3.751444e+00	(1.000000e+01 0.000000e+00 0.000000e+00)
0.0598085     	3.842747e+00	(1.000000e+01 0.000000e+00 0.000000e+00)
0.06          	3.901798e+00	(1.000000e+01 0.000000e+00 0.000000e+00)
0.0601961     	3.956993e+00	(1.000000e+01 0.000000e+00 0.000000e+00)
0.0603922     	3.998717e+00	(1.000000e+01 0.000000e+00 0.000000e+00)
0.0605882     	4.054639e+00	(1.000000e+01 0.000000e+00 0.000000e+00)
0.0607843     	4.085093e+00	(1.000000e+01 0.000000e+00 0.000000e+00)
0.0609804     	4.104507e+00	(1.000000e+01 0.000000e+00 0.000000e+00)
0.0611765     	4.110826e+00	(1.000000e+01 0.000000e+00 0.000000e+00)
0.0613725     	4.138363e+00	(1.000000e+01 0.000000e+00 0.000000e+00)
0.0615686     	4.105160e+00	(1.000000e+01 0.000000e+00 0.000000e+00)
0.0617694     	4.118934e+00	(1.000000e+01 0.000000e+00 0.000000e+00)
0.0619701     	4.083833e+00	(1.000000e+01 0.000000e+00 0.000000e+00)
0.0621709     	4.119196e+00	(1.000000e+01 0.000000e+00 0.000000e+00)
0.0623716     	4.047546e+00	(1.000000e+01 0.000000e+00 0.000000e+00)
0.0625724     	4.109680e+00	(1.000000e+01 0.000000e+00 0.000000e+00)
0.0627731     	3.999860e+00	(1.000000e+01 0.000000e+00 0.000000e+00)
0.0629739     	4.014458e+00	(1.000000e+01 0.000000e+00 0.000000e+00)
0.0631746     	3.888075e+00	(1.000000e+01 0.000000e+00 0.000000e+00)
0.0633754     	3.840346e+00	(1.000000e+01 0.000000e+00 0.000000e+00)
0.0635824     	3.729719e+00	(1.000000e+01 0.000000e+00 0.000000e+00)
0.0637894     	3.680425e+00	(1.000000e+01 0.000000e+00 0.000000e+00)
0.0639964     	3.503121e+00	(1.000000e+01 0.000000e+00 0.000000e+00)
0.0642034     	3.460166e+00	(1.000000e+01 0.000000e+00 0.000000e+00)
0.0644105     	3.263614e+00	(1.000000e+01 0.000000e+00 0.000000e+00)
0.0646175     	3.278498e+00	(1.000000e+01 0.000000e+00 0.000000e+00)
0.0648245     	3.034483e+00	(1.000000e+01 0.000000e+00 0.000000e+00)
0.0650315     	3.035005e+00	(1.000000e+01 0.000000e+00 0.000000e+00)
0.0652385     	2.777489e+00	(1.000000e+01 0.000000e+00 0.000000e+00)
0.0654456     	2.809590e+00	(1.000000e+01 0.000000e+00 0.000000e+00)
0.0656526     	2.573108e+00	(1.000000e+01 0.000000e+00 0.000000e+00)
0.0658596     	2.580274e+00	(1.000000e+01 0.000000e+00 0.000000e+00)
0.0660666     	2.364625e+00	(1.000000e+01 0.000000e+00 0.000000e+00)
0.0662851     	2.409750e+00	(1.000000e+01 0.000000e+00 0.000000e+00)
0.0665037     	2.175463e+00	(1.000000e+01 0.000000e+00 0.000000e+00)
0.0667222     	2.270909e+00	(1.000000e+01 0.000000e+00 0.000000e+00)
0.0669407     	2.022100e+00	(1.000000e+01 0.000000e+00 0.000000e+00)
0.0671592     	2.134507e+00	(1.000000e+01 0.000000e+00 0.000000e+00)
0.0673777     	1.874746e+00	(1.000000e+01 0.000000e+00 0.000000e+00)
0.0675963     	2.018065e+00	(1.000000e+01 0.000000e+00 0.000000e+00)
0.0678148     	1.751237e+00	(1.000000e+01 0.000000e+00 0.000000e+00)
0.0680333     	1.919571e+00	(1.000000e+01 0.000000e+00 0.000000e+00)
0.0682518     	1.656332e+00	(1.000000e+01 0.000000e+00 0.000000e+00)
0.0684703     	1.862255e+00	(1.000000e+01 0.000000e+00 0.000000e+00)
0.0686889     	1.637918e+00	(1.000000e+01 0.000000e+00 0.000000e+00)
0.0689074     	1.853688e+00	(1.000000e+01 0.000000e+00 0.000000e+00)
0.0691259     	1.681359e+00	(1.000000e+01 0.000000e+00 0.000000e+00)
0.0693444     	1.858189e+00	(1.000000e+01 0.000000e+00 0.000000e+00)
0.069563      	1.761060e+00	(1.000000e+01 0.000000e+00 0.000000e+00)
0.0697815     	1.998050e+00	(1.000000e+01 0.000000e+00 0.000000e+00)
0.07          	1.969472e+00	(1.000000e+01 0.000000e+00 0.000000e+00)
0.0702326     	2.150780e+00	(1.000000e+01 0.000000e+00 0.000000e+00)
0.0704651     	2.221782e+00	(1.000000e+01 0.000000e+00 0.000000e+00)
0.0706977     	2.421622e+00	(1.000000e+01 0.000000e+00 0.000000e+00)
0.0709302     	2.558795e+00	(1.000000e+01 0.000000e+00 0.000000e+00)
0.0711628     	2.769574e+00	(1.000000e+01 0.000000e+00 0.000000e+00)
0.0713953     	2.979699e+00	(1.000000e+01 0.000000e+00 0.000000e+00)
0.0716279     	3.280175e+00	(1.000000e+01 0.000000e+00 0.000000e+00)
0.0718605     	3.534211e+00	(1.000000e+01 0.000000e+00 0.000000e+00)
0.072093      	3.884413e+00	(1.000000e+01 0.000000e+00 0.000000e+00)
0.0723256     	4.182066e+00	(1.000000e+01 0.000000e+00 0.000000e+00)
0.0725581     	4.570857e+00	(1.000000e+01 0.000000e+00 0.000000e+00)
0.0727907     	4.918884e+00	(1.000000e+01 0.000000e+00 0.000000e+00)
0.0730233     	5.350770e+00	(1.000000e+01 0.000000e+00 0.000000e+00)
0.0732558     	5.719244e+00	(1.000000e+01 0.000000e+00 0.000000e+00)
0.0734884     	6.150014e+00	(1.000000e+01 0.000000e+00 0.000000e+00)
0.0737209     	6.514233e+00	(1.000000e+01 0.000000e+00 0.000000e+00)
0.0739535     	6.933991e+00	(1.000000e+01 0.000000e+00 0.000000e+00)
0.074186      	7.302266e+00	(1.000000e+01 0.000000e+00 0.000000e+00)
0.0744186     	7.677956e+00	(1.000000e+01 0.000000e+00 0.000000e+00)
0.0746512     	8.017676e+00	(1.000000e+01 0.000000e+00 0.000000e+00)
0.0748837     	8.341458e+00	(1.000000e+01 0.000000e+00 0.000000e+00)
0.0751163     	8.543948e+00	(1.000000e+01 0.000000e+00 0.000000e+00)
0.0753488     	8.739482e+00	(1.000000e+01 0.000000e+00 0.000000e+00)
0.0755814     	8.828681e+00	(1.000000e+01 0.000000e+00 0.000000e+00)
0.075814      	8.896737e+00	(1.000000e+01 0.000000e+00 0.000000e+00)
0.0760465     	8.852989e+00	(1.000000e+01 0.000000e+00 0.000000e+00)
0.0762791     	8.772936e+00	(1.000000e+01 0.000000e+00 0.000000e+00)
0.0765116     	8.591110e+00	(1.000000e+01 0.000000e+00 0.000000e+00)
0.0767442     	8.345725e+00	(1.000000e+01 0.000000e+00 0.000000e+00)
0.0769767     	8.023029e+00	(1.000000e+01 0.000000e+00 0.000000e+00)
0.0772093     	7.664407e+00	(1.000000e+01 0.000000e+00 0.000000e+00)
0.0774419     	7.219306e+00	(1.000000e+01 0.000000e+00 0.000000e+00)
0.0776744     	6.762620e+00	(1.000000e+01 0.000000e+00 0.000000e+00)
0.077907      	6.229768e+00	(1.000000e+01 0.000000e+00 0.000000e+00)
0.0781395     	5.684457e+00	(1.000000e+01 0.000000e+00 0.000000e+00)
0.0783721     	5.140898e+00	(1.000000e+01 0.000000e+00 0.000000e+00)
0.0786047     	4.581951e+00	(1.000000e+01 0.000000e+00 0.000000e+00)
0.0788372     	4.059125e+00	(1.000000e+01 0.000000e+00 0.000000e+00)
0.0790698     	3.572409e+00	(1.000000e+01 0.000000e+00 0.000000e+00)
0.0793023     	3.115191e+00	(1.000000e+01 0.000000e+00 0.000000e+00)
0.0795349     	2.724572e+00	(1.000000e+01 0.000000e+00 0.000000e+00)
0.0797674     	2.376242e+00	(1.000000e+01 0.000000e+00 0.000000e+00)
0.08          	2.104237e+00	(1.000000e+01 0.000000e+00 0.000000e+00)
0.0802273     	1.976356e+00	(1.000000e+01 0.000000e+00 0.000000e+00)
0.0804545     	1.774526e+00	(1.000000e+01 0.000000e+00 0.000000e+00)
0.0806818     	1.737556e+00	(1.000000e+01 0.000000e+00 0.000000e+00)
0.0809037     	1.695021e+00	(1.000000e+01 0.000000e+00 0.000000e+00)
0.0811255     	1.763258e+00	(1.000000e+01 0.000000e+00 0.000000e+00)
0.0813474     	1.820887e+00	(1.000000e+01 0.000000e+00 0.000000e+00)
0.0815637     	2.023129e+00	(1.000000e+01 0.000000e+00 0.000000e+00)
0.08178       	2.158740e+00	(1.000000e+01 0.000000e+00 0.000000e+00)
0.0819963     	2.457967e+00	(1.000000e+01 0.000000e+00 0.000000e+00)
0.0822127     	2.691194e+00	(1.000000e+01 0.000000e+00 0.000000e+00)
0.0824231     	3.050892e+00	(1.000000e+01 0.000000e+00 0.000000e+00)
0.0826336     	3.404407e+00	(1.000000e+01 0.000000e+00 0.000000e+00)
0.0828441     	3.771582e+00	(1.000000e+01 0.000000e+00 0.000000e+00)
0.0830545     	4.151661e+00	(1.000000e+01 0.000000e+00 0.000000e+00)
0.083265      	4.573103e+00	(1.000000e+01 0.000000e+00 0.000000e+00)
0.0834691     	4.975998e+00	(1.000000e+01 0.000000e+00 0.000000e+00)
0.0836732     	5.419622e+00	(1.000000e+01 0.000000e+00 0.000000e+00)
0.0838773     	5.795925e+00	(1.000000e+01 0.000000e+00 0.000000e+00)
0.0840814     	6.231473e+00	(1.000000e+01 0.000000e+00 0.000000e+00)
0.0842855     	6.565984e+00	(1.000000e+01 0.000000e+00 0.000000e+00)
0.0844825     	6.947516e+00	(1.000000e+01 0.000000e+00 0.000000e+00)
0.0846796     	7.190314e+00	(1.000000e+01 0.000000e+00 0.000000e+00)
0.0848766     	7.504940e+00	(1.000000e+01 0.000000e+00 0.000000e+00)
0.0850737     	7.706847e+00	(1.000000e+01 0.000000e+00 0.000000e+00)
0.0852707     	7.910629e+00	(1.000000e+01 0.000000e+00 0.000000e+00)
0.0854678     	8.029694e+00	(1.000000e+01 0.000000e+00 0.000000e+00)
0.0856648     	8.119492e+00	(1.000000e+01 0.000000e+00 0.000000e+00)
0.0858619     	8.134293e+00	(1.000000e+01 0.000000e+00 0.000000e+00)
0.0860589     	8.130076e+00	(1.000000e+01 0.000000e+00 0.000000e+00)
0.086256      	8.038006e+00	(1.000000e+01 0.000000e+00 0.000000e+00)
0.086453      	7.939977e+00	(1.000000e+01 0.000000e+00 0.000000e+00)
0.0866501     	7.771996e+00	(1.000000e+01 0.000000e+00 0.000000e+00)
0.0868471     	7.602473e+00	(1.000000e+01 0.000000e+00 0.000000e+00)
0.0870442     	7.382432e+00	(1.000000e+01 0.000000e+00 0.000000e+00)
0.0872413     	7.159077e+00	(1.000000e+01 0.000000e+00 0.000000e+00)
0.0874383     	6.923783e+00	(1.000000e+01 0.000000e+00 0.000000e+00)
0.0876354     	6.677411e+00	(1.000000e+01 0.000000e+00 0.000000e+00)
0.0878324     	6.425295e+00	(1.000000e+01 0.000000e+00 0.000000e+00)
0.0880295     	6.208048e+00	(1.000000e+01 0.000000e+00 0.000000e+00)
0.0882265     	5.968495e+00	(1.000000e+01 0.000000e+00 0.000000e+00)
0.0884236     	5.799495e+00	(1.000000e+01 0.000000e+00 0.000000e+00)
0.0886206     	5.576975e+00	(1.000000e+01 0.000000e+00 0.000000e+00)
0.0888177     	5.434243e+00	(1.000000e+01 0.000000e+00 0.000000e+00)
0.0890147     	5.249067e+00	(1.000000e+01 0.000000e+00 0.000000e+00)
0.0892118     	5.117446e+00	(1.000000e+01 0.000000e+00 0.000000e+00)
0.0894088     	4.970539e+00	(1.000000e+01 0.000000e+00 0.000000e+00)
0.0896059     	4.878199e+00	(1.000000e+01 0.000000e+00 0.000000e+00)
0.0898029     	4.760365e+00	(1.000000e+01 0.000000e+00 0.000000e+00)
0.09          	4.678248e+00	(1.000000e+01 0.000000e+00 0.000000e+00)
0.0902083     	4.586090e+00	(1.000000e+01 0.000000e+00 0.000000e+00)
0.0904212     	4.555480e+00	(1.000000e+01 0.000000e+00 0.000000e+00)
0.0906341     	4.403476e+00	(1.000000e+01 0.000000e+00 0.000000e+00)
0.0908469     	4.496267e+00	(1.000000e+01 0.000000e+00 0.000000e+00)
0.0910649     	4.450366e+00	(1.000000e+01 0.000000e+00 0.000000e+00)
0.0912828     	4.581796e+00	(1.000000e+01 0.000000e+00 0.000000e+00)
0.0915063     	4.613227e+00	(1.000000e+01 0.000000e+00 0.000000e+00)
0.0917298     	4.850791e+00	(1.000000e+01 0.000000e+00 0.000000e+00)
0.0919533     	4.978681e+00	(1.000000e+01 0.000000e+00 0.000000e+00)
0.0921832     	5.286137e+00	(1.000000e+01 0.000000e+00 0.000000e+00)
0.0924131     	5.470050e+00	(1.000000e+01 0.000000e+00 0.000000e+00)
0.0926431     	5.854486e+00	(1.000000e+01 0.000000e+00 0.000000e+00)
0.092873      	6.051238e+00	(1.000000e+01 0.000000e+00 0.000000e+00)
0.0931029     	6.470779e+00	(1.000000e+01 0.000000e+00 0.000000e+00)
0.0933328     	6.616474e+00	(1.000000e+01 0.000000e+00 0.000000e+00)
0.0935627     	7.045621e+00	(1.000000e+01 0.000000e+00 0.000000e+00)
0.0937926     	7.058745e+00	(1.000000e+01 0.000000e+00 0.000000e+00)
0.0940225     	7.497191e+00	(1.000000e+01 0.000000e+00 0.000000e+00)
0.0942524     	7.322978e+00	(1.000000e+01 0.000000e+00 0.000000e+00)
0.0944823     	7.829539e+00	(1.000000e+01 0.000000e+00 0.000000e+00)
0.0947122     	7.374591e+00	(1.000000e+01 0.000000e+00 0.000000e+00)
0.0949421     	7.920088e+00	(1.000000e+01 0.000000e+00 0.000000e+00)
0.095172      	7.325048e+00	(1.000000e+01 0.000000e+00 0.000000e+00)
0.0954019     	7.878511e+00	(1.000000e+01 0.000000e+00 0.000000e+00)
0.0956318     	7.074029e+00	(1.000000e+01 0.000000e+00 0.000000e+00)
0.0958617     	7.708301e+00	(1.000000e+01 0.000000e+00 0.000000e+00)
0.0960916     	6.713316e+00	(1.000000e+01 0.000000e+00 0.000000e+00)
0.0963215     	7.380006e+00	(1.000000e+01 0.000000e+00 0.000000e+00)
0.0965514     	6.307757e+00	(1.000000e+01 0.000000e+00 0.000000e+00)
0.0967813     	6.921475e+00	(1.000000e+01 0.000000e+00 0.000000e+00)
0.0970112     	5.903330e+00	(1.000000e+01 0.000000e+00 0.000000e+00)
0.0972411     	6.443135e+00	(1.000000e+01 0.000000e+00 0.000000e+00)
0.097471      	5.501459e+00	(1.000000e+01 0.000000e+00 0.000000e+00)
0.097701      	5.974474e+00	(1.000000e+01 0.000000e+00 0.000000e+00)
0.0979309     	5.153003e+00	(1.000000e+01 0.000000e+00 0.000000e+00)
0.0981608     	5.549727e+00	(1.000000e+01 0.000000e+00 0.000000e+00)
0.0983907     	4.880096e+00	(1.000000e+01 0.000000e+00 0.000000e+00)
0.0986206     	5.201513e+00	(1.000000e+01 0.000000e+00 0.000000e+00)
0.0988505     	4.653633e+00	(1.000000e+01 0.000000e+00 0.000000e+00)
0.0990804     	4.966531e+00	(1.000000e+01 0.000000e+00 0.000000e+00)
0.0993103     	4.518519e+00	(1.000000e+01 0.000000e+00 0.000000e+00)
0.0995402     	4.839801e+00	(1.000000e+01 0.000000e+00 0.000000e+00)
0.0997701     	4.465722e+00	(1.000000e+01 0.000000e+00 0.000000e+00)
0.1           	4.822788e+00	(1.000000e+01 0.000000e+00 0.000000e+00)
0.100233      	4.495244e+00	(1.000000e+01 0.000000e+00 0.000000e+00)
0.100465      	4.899777e+00	(1.000000e+01 0.000000e+00 0.000000e+00)
0.100698      	4.585119e+00	(1.000000e+01 0.000000e+00 0.000000e+00)
0.10093       	5.060166e+00	(1.000000e+01 0.000000e+00 0.000000e+00)
0.101163      	4.736501e+00	(1.000000e+01 0.000000e+00 0.000000e+00)
0.101395      	5.405682e+00	(1.000000e+01 0.000000e+00 0.000000e+00)
0.101622      	4.966150e+00	(1.000000e+01 0.000000e+00 0.000000e+00)
0.101848      	5.798231e+00	(1.000000e+01 0.000000e+00 0.000000e+00)
0.102075      	5.313205e+00	(1.000000e+01 0.000000e+00 0.000000e+00)
0.102295      	6.246049e+00	(1.000000e+01 0.000000e+00 0.000000e+00)
0.102515      	5.722751e+00	(1.000000e+01 0.000000e+00 0.000000e+00)
0.102735      	6.709726e+00	(1.000000e+01 0.000000e+00 0.000000e+00)
0.102955      	6.145305e+00	(1.000000e+01 0.000000e+00 0.000000e+00)
0.103175      	7.267781e+00	(1.000000e+01 0.000000e+00 0.000000e+00)
0.103389      	6.604274e+00	(1.000000e+01 0.000000e+00 0.000000e+00)
0.103602      	7.754436e+00	(1.000000e+01 0.000000e+00 0.000000e+00)
0.103815      	7.120395e+00	(1.000000e+01 0.000000e+00 0.000000e+00)
0.104028      	8.182254e+00	(1.000000e+01 0.000000e+00 0.000000e+00)
0.104242      	7.543299e+00	(1.000000e+01 0.000000e+00 0.000000e+00)
0.104455      	8.468613e+00	(1.000000e+01 0.000000e+00 0.000000e+00)
0.104668      	7.822431e+00	(1.000000e+01 0.000000e+00 0.000000e+00)
0.104882      	8.639821e+00	(1.000000e+01 0.000000e+00 0.000000e+00)
0.105095      	7.934869e+00	(1.000000e+01 0.000000e+00 0.000000e+00)
0.105308      	8.622136e+00	(1.000000e+01 0.000000e+00 0.000000e+00)
0.105521      	7.847429e+00	(1.000000e+01 0.000000e+00 0.000000e+00)
0.105735      	8.383786e+00	(1.000000e+01 0.000000e+00 0.000000e+00)
0.105948      	7.571428e+00	(1.000000e+01 0.000000e+00 0.000000e+00)
0.106161      	7.967816e+00	(1.000000e+01 0.000000e+00 0.000000e+00)
0.106374      	7.131262e+00	(1.000000e+01 0.000000e+00 0.000000e+00)
0.106588      	7.425609e+00	(1.000000e+01 0.000000e+00 0.000000e+00)
0.106801      	6.576674e+00	(1.000000e+01 0.000000e+00 0.000000e+00)
0.107014      	6.815012e+00	(1.000000e+01 0.000000e+00 0.000000e+00)
0.107228      	5.975510e+00	(1.000000e+01 0.000000e+00 0.000000e+00)
0.107441      	6.261949e+00	(1.000000e+01 0.000000e+00 0.000000e+00)
0.107654      	5.363371e+00	(1.000000e+01 0.000000e+00 0.000000e+00)
0.107867      	5.733063e+00	(1.000000e+01 0.000000e+00 0.000000e+00)
0.108081      	4.866651e+00	(1.000000e+01 0.000000e+00 0.000000e+00)
0.108294      	5.258278e+00	(1.000000e+01 0.000000e+00 0.000000e+00)
0.108507      	4.485245e+00	(1.000000e+01 0.000000e+00 0.000000e+00)
0.10872       	4.904413e+00	(1.000000e+01 0.000000e+00 0.000000e+00)
0.108934      	4.174755e+00	(1.000000e+01 0.000000e+00 0.000000e+00)
0.109147      	4.694461e+00	(1.000000e+01 0.000000e+00 0.000000e+00)
0.10936       	3.977157e+00	(1.000000e+01 0.000000e+00 0.000000e+00)
0.109573      	4.571325e+00	(1.000000e+01 0.000000e+00 0.000000e+00)
0.109787      	3.872266e+00	(1.000000e+01 0.000000e+00 0.000000e+00)
0.11          	4.499101e+00	(1.000000e+01 0.000000e+00 0.000000e+00)
0.110227      	3.791129e+00	(1.000000e+01 0.000000e+00 0.000000e+00)
0.11046       	4.449430e+00	(1.000000e+01 0.000000e+00 0.000000e+00)
0.110693      	3.748685e+00	(1.000000e+01 0.000000e+00 0.000000e+00)
0.110925      	4.471440e+00	(1.000000e+01 0.000000e+00 0.000000e+00)
0.111158      	3.750908e+00	(1.000000e+01 0.000000e+00 0.000000e+00)
0.111391      	4.468001e+00	(1.000000e+01 0.000000e+00 0.000000e+00)
0.111623      	3.747349e+00	(1.000000e+01 0.000000e+00 0.000000e+00)
0.111856      	4.436311e+00	(1.000000e+01 0.000000e+00 0.000000e+00)
0.112089      	3.714462e+00	(1.000000e+01 0.000000e+00 0.000000e+00)
0.112321      	4.392263e+00	(1.000000e+01 0.000000e+00 0.000000e+00)
0.112554      	3.644257e+00	(1.000000e+01 0.000000e+00 0.000000e+00)
0.112787      	4.305363e+00	(1.000000e+01 0.000000e+00 0.000000e+00)
0.113019      	3.540299e+00	(1.000000e+01 0.000000e+00 0.000000e+00)
0.113252      	4.165462e+00	(1.000000e+01 0.000000e+00 0.000000e+00)
0.113485      	3.416579e+00	(1.000000e+01 0.000000e+00 0.000000e+00)
0.113718      	3.994889e+00	(1.000000e+01 0.000000e+00 0.000000e+00)
0.11395       	3.233374e+00	(1.000000e+01 0.000000e+00 0.000000e+00)
0.114183      	3.795575e+00	(1.000000e+01 0.000000e+00 0.000000e+00)
0.114416      	3.039221e+00	(1.000000e+01 0.000000e+00 0.000000e+00)
0.114648      	3.591269e+00	(1.000000e+01 0.000000e+00 0.000000e+00)
0.114881      	2.719970e+00	(1.000000e+01 0.000000e+00 0.000000e+00)
0.115114      	3.330745e+00	(1.000000e+01 0.000000e+00 0.000000e+00)
0.115346      	2.379246e+00	(1.000000e+01 0.000000e+00 0.000000e+00)
0.115579      	3.027653e+00	(1.000000e+01 0.000000e+00 0.000000e+00)
0.115812      	2.048922e+00	(1.000000e+01 0.000000e+00 0.000000e+00)
0.116044      	2.690173e+00	(1.000000e+01 0.000000e+00 0.000000e+00)
0.116277      	1.732687e+00	(1.000000e+01 0.000000e+00 0.000000e+00)
0.11651       	2.342293e+00	(1.000000e+01 0.000000e+00 0.000000e+00)
0.116742      	1.354450e+00	(1.000000e+01 0.000000e+00 0.000000e+00)
0.116975      	1.995814e+00	(1.000000e+01 0.000000e+00 0.000000e+00)
0.117208      	1.011252e+00	(1.000000e+01 0.000000e+00 0.000000e+00)
0.11744       	1.660583e+00	(1.000000e+01 0.000000e+00 0.000000e+00)
0.117673      	7.279360e-01	(1.000000e+01 0.000000e+00 0.000000e+00)
0.117885      	1.348911e+00	(1.000000e+01 0.000000e+00 0.000000e+00)
0.118096      	5.834248e-01	(1.000000e+01 0.000000e+00 0.000000e+00)
0.118308      	1.110508e+00	(1.000000e+01 0.000000e+00 0.000000e+00)
0.118519      	5.241906e-01	(1.000000e+01 0.000000e+00 0.000000e+00)
0.118731      	9.707392e-01	(1.000000e+01 0.000000e+00 0.000000e+00)
0.118942      	5.317186e-01	(1.000000e+01 0.000000e+00 0.000000e+00)
0.119154      	9.474198e-01	(1.000000e+01 0.000000e+00 0.000000e+00)
0.119365      	6.395825e-01	(1.000000e+01 0.000000e+00 0.000000e+00)
0.119524      	9.983853e-01	(1.000000e+01 0.000000e+00 0.000000e+00)
0.119683      	8.541958e-01	(1.000000e+01 0.000000e+00 0.000000e+00)
0.119841      	1.067802e+00	(1.000000e+01 0.000000e+00 0.000000e+00)
0.12          	1.089433e+00	(1.000000e+01 0.000000e+00 0.000000e+00)
0.120189      	1.287867e+00	(1.000000e+01 0.000000e+00 0.000000e+00)
0.120381      	1.407113e+00	(1.000000e+01 0.000000e+00 0.000000e+00)
0.120573      	1.632090e+00	(1.000000e+01 0.000000e+00 0.000000e+00)
0.120762      	1.770322e+00	(1.000000e+01 0.000000e+00 0.000000e+00)
0.12095       	1.999606e+00	(1.000000e+01 0.000000e+00 0.000000e+00)
0.121135      	2.088470e+00	(1.000000e+01 0.000000e+00 0.000000e+00)
0.12132       	2.401019e+00	(1.000000e+01 0.000000e+00 0.000000e+00)
0.121505      	2.529922e+00	(1.000000e+01 0.000000e+00 0.000000e+00)
0.121685      	2.821349e+00	(1.000000e+01 0.000000e+00 0.000000e+00)
0.121866      	2.975194e+00	(1.000000e+01 0.000000e+00 0.000000e+00)
0.122047      	3.249443e+00	(1.000000e+01 0.000000e+00 0.000000e+00)
0.122228      	3.407295e+00	(1.000000e+01 0.000000e+00 0.000000e+00)
0.122408      	3.676530e+00	(1.000000e+01 0.000000e+00 0.000000e+00)
0.122589      	3.782435e+00	(1.000000e+01 0.000000e+00 0.000000e+00)
0.12277       	4.050798e+00	(1.000000e+01 0.000000e+00 0.000000e+00)
0.122951      	4.207572e+00	(1.000000e+01 0.000000e+00 0.000000e+00)
0.123131      	4.442261e+00	(1.000000e+01 0.000000e+00 0.000000e+00)
0.123312      	4.617755e+00	(1.000000e+01 0.000000e+00 0.000000e+00)
0.123493      	4.841162e+00	(1.000000e+01 0.000000e+00 0.000000e+00)
0.123674      	5.043903e+00	(1.000000e+01 0.000000e+00 0.000000e+00)
0.123854      	5.231749e+00	(1.000000e+01 0.000000e+00 0.000000e+00)
0.124035      	5.411271e+00	(1.000000e+01 0.000000e+00 0.000000e+00)
0.124216      	5.564287e+00	(1.000000e+01 0.000000e+00 0.000000e+00)
0.124397      	5.737350e+00	(1.000000e+01 0.000000e+00 0.000000e+00)
0.124577      	5.875022e+00	(1.000000e+01 0.000000e+00 0.000000e+00)
0.124758      	6.023219e+00	(1.000000e+01 0.000000e+00 0.000000e+00)
0.124939      	6.151888e+00	(1.000000e+01 0.000000e+00 0.000000e+00)
0.12512       	6.263680e+00	(1.000000e+01 0.000000e+00 0.000000e+00)
0.1253        	6.331618e+00	(1.000000e+01 0.000000e+00 0.000000e+00)
0.125481      	6.453227e+00	(1.000000e+01 0.000000e+00 0.000000e+00)
0.125662      	6.511092e+00	(1.000000e+01 0.000000e+00 0.000000e+00)
0.125843      	6.606460e+00	(1.000000e+01 0.000000e+00 0.000000e+00)
0.126023      	6.682747e+00	(1.000000e+01 0.000000e+00 0.000000e+00)
0.126204      	6.753182e+00	(1.000000e+01 0.000000e+00 0.000000e+00)
0.126385      	6.860935e+00	(1.000000e+01 0.000000e+00 0.000000e+00)
0.126566      	6.933650e+00	(1.000000e+01 0.000000e+00 0.000000e+00)
0.126756      	7.026982e+00	(1.000000e+01 0.000000e+00 0.000000e+00)
0.126947      	7.177509e+00	(1.000000e+01 0.000000e+00 0.000000e+00)
0.127138      	7.190484e+00	(1.000000e+01 0.000000e+00 0.000000e+00)
0.127329      	7.313153e+00	(1.000000e+01 0.000000e+00 0.000000e+00)
0.12752       	7.337793e+00	(1.000000e+01 0.000000e+00 0.000000e+00)
0.12771       	7.432911e+00	(1.000000e+01 0.000000e+00 0.000000e+00)
0.127901      	7.427433e+00	(1.000000e+01 0.000000e+00 0.000000e+00)
0.128092      	7.613331e+00	(1.000000e+01 0.000000e+00 0.000000e+00)
0.128283      	7.528550e+00	(1.000000e+01 0.000000e+00 0.000000e+00)
0.128474      	7.631869e+00	(1.000000e+01 0.000000e+00 0.000000e+00)
0.128664      	7.549075e+00	(1.000000e+01 0.000000e+00 0.000000e+00)
0.128855      	7.588944e+00	(1.000000e+01 0.000000e+00 0.000000e+00)
0.129046      	7.503568e+00	(1.000000e+01 0.000000e+00 0.000000e+00)
0.129237      	7.481229e+00	(1.000000e+01 0.000000e+00 0.000000e+00)
0.129428      	7.377416e+00	(1.000000e+01 0.000000e+00 0.000000e+00)
0.129618      	7.332248e+00	(1.000000e+01 0.000000e+00 0.000000e+00)
0.129809      	7.198030e+00	(1.000000e+01 0.000000e+00 0.000000e+00)
0.13          	7.103435e+00	(1.000000e+01 0.000000e+00 0.000000e+00)
0.130208      	6.806913e+00	(1.000000e+01 0.000000e+00 0.000000e+00)
0.130421      	6.669209e+00	(1.000000e+01 0.000000e+00 0.000000e+00)
0.130634      	6.515510e+00	(1.000000e+01 0.000000e+00 0.000000e+00)
0.130852      	6.331575e+00	(1.000000e+01 0.000000e+00 0.000000e+00)
0.13107       	6.146047e+00	(1.000000e+01 0.000000e+00 0.000000e+00)
0.131287      	6.011231e+00	(1.000000e+01 0.000000e+00 0.000000e+00)
0.131511      	5.776983e+00	(1.000000e+01 0.000000e+00 0.000000e+00)
0.131734      	5.653688e+00	(1.000000e+01 0.000000e+00 0.000000e+00)
0.131958      	5.472407e+00	(1.000000e+01 0.000000e+00 0.000000e+00)
0.132181      	5.320184e+00	(1.000000e+01 0.000000e+00 0.000000e+00)
0.132411      	5.115433e+00	(1.000000e+01 0.000000e+00 0.000000e+00)
0.132641      	5.027827e+00	(1.000000e+01 0.000000e+00 0.000000e+00)
0.132871      	4.892484e+00	(1.000000e+01 0.000000e+00 0.000000e+00)
0.133101      	4.833617e+00	(1.000000e+01 0.000000e+00 0.000000e+00)
0.133331      	4.806452e+00	(1.000000e+01 0.000000e+00 0.000000e+00)
0.133561      	4.720491e+00	(1.000000e+01 0.000000e+00 0.000000e+00)
0.133791      	4.715024e+00	(1.000000e+01 0.000000e+00 0.000000e+00)
0.134021      	4.710296e+00	(1.000000e+01 0.000000e+00 0.000000e+00)
0.134251      	4.726534e+00	(1.000000e+01 0.000000e+00 0.000000e+00)
0.134481      	4.794403e+00	(1.000000e+01 0.000000e+00 0.000000e+00)
0.134711      	4.874534e+00	(1.000000e+01 0.000000e+00 0.000000e+00)
0.134941      	5.084445e+00	(1.000000e+01 0.000000e+00 0.000000e+00)
0.135171      	5.217441e+00	(1.000000e+01 0.000000e+00 0.000000e+00)
0.135401      	5.465330e+00	(1.000000e+01 0.000000e+00 0.000000e+00)
0.135631      	5.670868e+00	(1.000000e+01 0.000000e+00 0.000000e+00)
0.135861      	5.947814e+00	(1.000000e+01 0.000000e+00 0.000000e+00)
0.136091      	6.157813e+00	(1.000000e+01 0.000000e+00 0.000000e+00)
0.136321      	6.425998e+00	(1.000000e+01 0.000000e+00 0.000000e+00)
0.13655       	6.633274e+00	(1.000000e+01 0.000000e+00 0.000000e+00)
0.13678       	6.873137e+00	(1.000000e+01 0.000000e+00 0.000000e+00)
0.13701       	7.080806e+00	(1.000000e+01 0.000000e+00 0.000000e+00)
0.13724       	7.276994e+00	(1.000000e+01 0.000000e+00 0.000000e+00)
0.13747       	7.463446e+00	(1.000000e+01 0.000000e+00 0.000000e+00)
0.1377        	7.629789e+00	(1.000000e+01 0.000000e+00 0.000000e+00)
0.13793       	7.766570e+00	(1.000000e+01 0.000000e+00 0.000000e+00)
0.13816       	7.854520e+00	(1.000000e+01 0.000000e+00 0.000000e+00)
0.13839       	7.899035e+00	(1.000000e+01 0.000000e+00 0.000000e+00)
0.13862       	7.878309e+00	(1.000000e+01 0.000000e+00 0.000000e+00)
0.13885       	7.793056e+00	(1.000000e+01 0.000000e+00 0.000000e+00)
0.13908       	7.638980e+00	(1.000000e+01 0.000000e+00 0.000000e+00)
0.13931       	7.421270e+00	(1.000000e+01 0.000000e+00 0.000000e+00)
0.13954       	7.144018e+00	(1.000000e+01 0.000000e+00 0.000000e+00)
0.13977       	6.811293e+00	(1.000000e+01 0.000000e+00 0.000000e+00)
0.14          	6.433215e+00	(1.000000e+01 0.000000e+00 0.000000e+00)
0.140233      	6.002886e+00	(1.000000e+01 0.000000e+00 0.000000e+00)
0.140465      	5.545603e+00	(1.000000e+01 0.000000e+00 0.000000e+00)
0.140698      	5.070451e+00	(1.000000e+01 0.000000e+00 0.000000e+00)
0.14093       	4.589561e+00	(1.000000e+01 0.000000e+00 0.000000e+00)
0.141163      	4.103825e+00	(1.000000e+01 0.000000e+00 0.000000e+00)
0.141395      	3.625785e+00	(1.000000e+01 0.000000e+00 0.000000e+00)
0.141628      	3.180552e+00	(1.000000e+01 0.000000e+00 0.000000e+00)
0.14186       	2.738198e+00	(1.000000e+01 0.000000e+00 0.000000e+00)
0.142093      	2.316440e+00	(1.000000e+01 0.000000e+00 0.000000e+00)
0.142326      	1.933871e+00	(1.000000e+01 0.000000e+00 0.000000e+00)
0.142558      	1.563248e+00	(1.000000e+01 0.000000e+00 0.000000e+00)
0.142791      	1.253311e+00	(1.000000e+01 0.000000e+00 0.000000e+00)
0.143023      	9.230739e-01	(1.000000e+01 0.000000e+00 0.000000e+00)
0.143256      	6.875036e-01	(1.000000e+01 0.000000e+00 0.000000e+00)
0.143481      	4.457174e-01	(1.000000e+01 0.000000e+00 0.000000e+00)
0.143705      	2.775529e-01	(1.000000e+01 0.000000e+00 0.000000e+00)
0.143922      	1.051465e-01	(1.000000e+01 0.000000e+00 0.000000e+00)
0.14414       	1.708619e-02	(1.000000e+01 0.000000e+00 0.000000e+00)
0.144357      	-7.938153e-02	(1.000000e+01 0.000000e+00 0.000000e+00)
0.144566      	-9.307149e-02	(1.000000e+01 0.000000e+00 0.000000e+00)
0.144775      	-1.402770e-01	(1.000000e+01 0.000000e+00 0.000000e+00)
0.144984      	-9.761697e-02	(1.000000e+01 0.000000e+00 0.000000e+00)
0.145193      	-6.128203e-02	(1.000000e+01 0.000000e+00 0.000000e+00)
0.145393      	4.777303e-02	(1.000000e+01 0.000000e+00 0.000000e+00)
0.145593      	1.314092e-01	(1.000000e+01 0.000000e+00 0.000000e+00)
0.145794      	2.755834e-01	(1.000000e+01 0.000000e+00 0.000000e+00)
0.145994      	4.255143e-01	(1.000000e+01 0.000000e+00 0.000000e+00)
0.146185      	6.049830e-01	(1.000000e+01 0.000000e+00 0.000000e+00)
0.146375      	8.160833e-01	(1.000000e+01 0.000000e+00 0.000000e+00)
0.146566      	1.037441e+00	(1.000000e+01 0.000000e+00 0.000000e+00)
0.146757      	1.239154e+00	(1.000000e+01 0.000000e+00 0.000000e+00)
0.146948      	1.517238e+00	(1.000000e+01 0.000000e+00 0.000000e+00)
0.147138      	1.783897e+00	(1.000000e+01 0.000000e+00 0.000000e+00)
0.147329      	2.060480e+00	(1.000000e+01 0.000000e+00 0.000000e+00)
0.14752       	2.377977e+00	(1.000000e+01 0.000000e+00 0.000000e+00)
0.147711      	2.682585e+00	(1.000000e+01 0.000000e+00 0.000000e+00)
0.147902      	3.005620e+00	(1.000000e+01 0.000000e+00 0.000000e+00)
0.148092      	3.334732e+00	(1.000000e+01 0.000000e+00 0.000000e+00)
0.148266      	3.694234e+00	(1.000000e+01 0.000000e+00 0.000000e+00)
0.148439      	4.008557e+00	(1.000000e+01 0.000000e+00 0.000000e+00)
0.148613      	4.359507e+00	(1.000000e+01 0.000000e+00 0.000000e+00)
0.148786      	4.700904e+00	(1.000000e+01 0.000000e+00 0.000000e+00)
0.148959      	5.103280e+00	(1.000000e+01 0.000000e+00 0.000000e+00)
0.149133      	5.501783e+00	(1.000000e+01 0.000000e+00 0.000000e+00)
0.149306      	5.942121e+00	(1.000000e+01 0.000000e+00 0.000000e+00)
0.14948       	6.370492e+00	(1.000000e+01 0.000000e+00 0.000000e+00)
0.149653      	6.885963e+00	(1.000000e+01 0.000000e+00 0.000000e+00)
0.149827      	7.343283e+00	(1.000000e+01 0.000000e+00 0.000000e+00)
0.15          	7.808131e+00	(1.000000e+01 0.000000e+00 0.000000e+00)
0.150189      	8.333943e+00	(1.000000e+01 0.000000e+00 0.000000e+00)
0.150377      	8.889596e+00	(1.000000e+01 0.000000e+00 0.000000e+00)
0.150566      	9.444522e+00	(1.000000e+01 0.000000e+00 0.000000e+00)
0.150755      	1.000505e+01	(1.000000e+01 0.000000e+00 0.000000e+00)
0.150943      	1.052171e+01	(1.000000e+01 0.000000e+00 0.000000e+00)
0.151132      	1.103261e+01	(1.000000e+01 0.000000e+00 0.000000e+00)
0.151321      	1.152196e+01	(1.000000e+01 0.000000e+00 0.000000e+00)
0.151509      	1.193322e+01	(1.000000e+01 0.000000e+00 0.000000e+00)
0.151702      	1.228547e+01	(1.000000e+01 0.000000e+00 0.000000e+00)
0.151895      	1.262161e+01	(1.000000e+01 0.000000e+00 0.000000e+00)
0.152088      	1.283593e+01	(1.000000e+01 0.000000e+00 0.000000e+00)
0.152281      	1.304347e+01	(1.000000e+01 0.000000e+00 0.000000e+00)
0.152474      	1.312893e+01	(1.000000e+01 0.000000e+00 0.000000e+00)
0.152667      	1.313832e+01	(1.000000e+01 0.000000e+00 0.000000e+00)
0.15286       	1.307397e+01	(1.000000e+01 0.000000e+00 0.000000e+00)
0.153059      	1.289965e+01	(1.000000e+01 0.000000e+00 0.000000e+00)
0.153257      	1.268099e+01	(1.000000e+01 0.000000e+00 0.000000e+00)
0.153455      	1.234744e+01	(1.000000e+01 0.000000e+00 0.000000e+00)
0.153654      	1.198653e+01	(1.000000e+01 0.000000e+00 0.000000e+00)
0.153852      	1.154905e+01	(1.000000e+01 0.000000e+00 0.000000e+00)
0.15405       	1.107962e+01	(1.000000e+01 0.000000e+00 0.000000e+00)
0.154255      	1.054083e+01	(1.000000e+01 0.000000e+00 0.000000e+00)
0.154461      	1.000168e+01	(1.000000e+01 0.000000e+00 0.000000e+00)
0.154666      	9.477122e+00	(1.000000e+01 0.000000e+00 0.000000e+00)
0.154871      	8.937338e+00	(1.000000e+01 0.000000e+00 0.000000e+00)
0.155076      	8.379698e+00	(1.000000e+01 0.000000e+00 0.000000e+00)
0.15529       	7.830543e+00	(1.000000e+01 0.000000e+00 0.000000e+00)
0.155504      	7.375013e+00	(1.000000e+01 0.000000e+00 0.000000e+00)
0.155718      	6.920947e+00	(1.000000e+01 0.000000e+00 0.000000e+00)
0.155932      	6.530935e+00	(1.000000e+01 0.000000e+00 0.000000e+00)
0.156146      	6.128895e+00	(1.000000e+01 0.000000e+00 0.000000e+00)
0.156373      	5.853873e+00	(1.000000e+01 0.000000e+00 0.000000e+00)
0.1566        	5.536743e+00	(1.000000e+01 0.000000e+00 0.000000e+00)
0.156826      	5.374164e+00	(1.000000e+01 0.000000e+00 0.000000e+00)
0.157053      	5.124278e+00	(1.000000e+01 0.000000e+00 0.000000e+00)
0.15728       	5.087429e+00	(1.000000e+01 0.000000e+00 0.000000e+00)
0.157507      	4.874903e+00	(1.000000e+01 0.000000e+00 0.000000e+00)
0.157733      	4.955079e+00	(1.000000e+01 0.000000e+00 0.000000e+00)
0.15796       	4.781080e+00	(1.000000e+01 0.000000e+00 0.000000e+00)
0.158187      	4.937989e+00	(1.000000e+01 0.000000e+00 0.000000e+00)
0.158413      	4.788576e+00	(1.000000e+01 0.000000e+00 0.000000e+00)
0.15864       	4.996949e+00	(1.000000e+01 0.000000e+00 0.000000e+00)
0.158867      	4.859899e+00	(1.000000e+01 0.000000e+00 0.000000e+00)
0.159093      	5.153207e+00	(1.000000e+01 0.000000e+00 0.000000e+00)
0.15932       	5.014958e+00	(1.000000e+01 0.000000e+00 0.000000e+00)
0.159547      	5.375157e+00	(1.000000e+01 0.000000e+00 0.000000e+00)
0.159773      	5.237846e+00	(1.000000e+01 0.000000e+00 0.000000e+00)
0.16          	5.658042e+00	(1.000000e+01 0.000000e+00 0.000000e+00)
0.160233      	5.519837e+00	(1.000000e+01 0.000000e+00 0.000000e+00)
0.160465      	5.989873e+00	(1.000000e+01 0.000000e+00 0.000000e+00)
0.160698      	5.874335e+00	(1.000000e+01 0.000000e+00 0.000000e+00)
0.16093       	6.433366e+00	(1.000000e+01 0.000000e+00 0.000000e+00)
0.161157      	6.327747e+00	(1.000000e+01 0.000000e+00 0.000000e+00)
0.161384      	6.937495e+00	(1.000000e+01 0.000000e+00 0.000000e+00)
0.16161       	6.855950e+00	(1.000000e+01 0.000000e+00 0.000000e+00)
0.161837      	7.516940e+00	(1.000000e+01 0.000000e+00 0.000000e+00)
0.162064      	7.410528e+00	(1.000000e+01 0.000000e+00 0.000000e+00)
0.162291      	8.176337e+00	(1.000000e+01 0.000000e+00 0.000000e+00)
0.162517      	8.063403e+00	(1.000000e+01 0.000000e+00 0.000000e+00)
0.162744      	8.834397e+00	(1.000000e+01 0.000000e+00 0.000000e+00)
0.162978      	8.740951e+00	(1.000000e+01 0.000000e+00 0.000000e+00)
0.163212      	9.393255e+00	(1.000000e+01 0.000000e+00 0.000000e+00)
0.163446      	9.413655e+00	(1.000000e+01 0.000000e+00 0.000000e+00)
0.16368       	9.926375e+00	(1.000000e+01 0.000000e+00 0.000000e+00)
0.163914      	9.971856e+00	(1.000000e+01 0.000000e+00 0.000000e+00)
0.164149      	1.034350e+01	(1.000000e+01 0.000000e+00 0.000000e+00)
0.164383      	1.037333e+01	(1.000000e+01 0.000000e+00 0.000000e+00)
0.164617      	1.057857e+01	(1.000000e+01 0.000000e+00 0.000000e+00)
0.164851      	1.052435e+01	(1.000000e+01 0.000000e+00 0.000000e+00)
0.165085      	1.054406e+01	(1.000000e+01 0.000000e+00 0.000000e+00)
0.165319      	1.037394e+01	(1.000000e+01 0.000000e+00 0.000000e+00)
0.165553      	1.017970e+01	(1.000000e+01 0.000000e+00 0.000000e+00)
0.165787      	9.860113e+00	(1.000000e+01 0.000000e+00 0.000000e+00)
0.166021      	9.465315e+00	(1.000000e+01 0.000000e+00 0.000000e+00)
0.166255      	8.976913e+00	(1.000000e+01 0.000000e+00 0.000000e+00)
0.166489      	8.430472e+00	(1.000000e+01 0.000000e+00 0.000000e+00)
0.166723      	7.806839e+00	(1.000000e+01 0.000000e+00 0.000000e+00)
0.166957      	7.153914e+00	(1.000000e+01 0.000000e+00 0.000000e+00)
0.167191      	6.484064e+00	(1.000000e+01 0.000000e+00 0.000000e+00)
0.167407      	5.859853e+00	(1.000000e+01 0.000000e+00 0.000000e+00)
0.167623      	5.201422e+00	(1.000000e+01 0.000000e+00 0.000000e+00)
0.167839      	4.573052e+00	(1.000000e+01 0.000000e+00 0.000000e+00)
0.168056      	3.977613e+00	(1.000000e+01 0.000000e+00 0.000000e+00)
0.168272      	3.466135e+00	(1.000000e+01 0.000000e+00 0.000000e+00)
0.168488      	2.913774e+00	(1.000000e+01 0.000000e+00 0.000000e+00)
0.168704      	2.462575e+00	(1.000000e+01 0.000000e+00 0.000000e+00)
0.16892       	1.977532e+00	(1.000000e+01 0.000000e+00 0.000000e+00)
0.169136      	1.630761e+00	(1.000000e+01 0.000000e+00 0.000000e+00)
0.169352      	1.287487e+00	(1.000000e+01 0.000000e+00 0.000000e+00)
0.169568      	1.048923e+00	(1.000000e+01 0.000000e+00 0.000000e+00)
0.169784      	8.080130e-01	(1.000000e+01 0.000000e+00 0.000000e+00)
0.17          	6.739834e-01	(1.000000e+01 0.000000e+00 0.000000e+00)
0.170208      	5.668558e-01	(1.000000e+01 0.000000e+00 0.000000e+00)
0.170417      	4.982169e-01	(1.000000e+01 0.000000e+00 0.000000e+00)
0.170621      	5.009104e-01	(1.000000e+01 0.000000e+00 0.000000e+00)
0.170824      	5.026415e-01	(1.000000e+01 0.000000e+00 0.000000e+00)
0.171024      	5.890356e-01	(1.000000e+01 0.000000e+00 0.000000e+00)
0.171219      	6.609266e-01	(1.000000e+01 0.000000e+00 0.000000e+00)
0.171414      	7.995199e-01	(1.000000e+01 0.000000e+00 0.000000e+00)
0.171605      	9.391246e-01	(1.000000e+01 0.000000e+00 0.000000e+00)
0.171796      	1.102655e+00	(1.000000e+01 0.000000e+00 0.000000e+00)
0.171987      	1.300370e+00	(1.000000e+01 0.000000e+00 0.000000e+00)
0.172173      	1.495119e+00	(1.000000e+01 0.000000e+00 0.000000e+00)
0.172359      	1.715946e+00	(1.000000e+01 0.000000e+00 0.000000e+00)
0.172546      	1.926115e+00	(1.000000e+01 0.000000e+00 0.000000e+00)
0.172732      	2.174210e+00	(1.000000e+01 0.000000e+00 0.000000e+00)
0.172918      	2.405623e+00	(1.000000e+01 0.000000e+00 0.000000e+00)
0.173105      	2.654986e+00	(1.000000e+01 0.000000e+00 0.000000e+00)
0.173286      	2.892471e+00	(1.000000e+01 0.000000e+00 0.000000e+00)
0.173468      	3.145374e+00	(1.000000e+01 0.000000e+00 0.000000e+00)
0.173649      	3.375556e+00	(1.000000e+01 0.000000e+00 0.000000e+00)
0.173831      	3.578167e+00	(1.000000e+01 0.000000e+00 0.000000e+00)
0.174012      	3.757253e+00	(1.000000e+01 0.000000e+00 0.000000e+00)
0.174193      	4.019566e+00	(1.000000e+01 0.000000e+00 0.000000e+00)
0.174375      	4.183008e+00	(1.000000e+01 0.000000e+00 0.000000e+00)
0.174556      	4.411542e+00	(1.000000e+01 0.000000e+00 0.000000e+00)
0.174738      	4.544214e+00	(1.000000e+01 0.000000e+00 0.000000e+00)
0.174919      	4.787460e+00	(1.000000e+01 0.000000e+00 0.000000e+00)
0.175101      	4.887696e+00	(1.000000e+01 0.000000e+00 0.000000e+00)
0.175282      	5.119667e+00	(1.000000e+01 0.000000e+00 0.000000e+00)
0.175464      	5.196978e+00	(1.000000e+01 0.000000e+00 0.000000e+00)
0.175645      	5.384579e+00	(1.000000e+01 0.000000e+00 0.000000e+00)
0.175827      	5.490586e+00	(1.000000e+01 0.000000e+00 0.000000e+00)
0.176008      	5.659118e+00	(1.000000e+01 0.000000e+00 0.000000e+00)
0.176189      	5.753736e+00	(1.000000e+01 0.000000e+00 0.000000e+00)
0.176371      	5.911290e+00	(1.000000e+01 0.000000e+00 0.000000e+00)
0.176552      	6.020206e+00	(1.000000e+01 0.000000e+00 0.000000e+00)
0.176734      	6.121782e+00	(1.000000e+01 0.000000e+00 0.000000e+00)
0.176915      	6.206876e+00	(1.000000e+01 0.000000e+00 0.000000e+00)
0.177097      	6.276704e+00	(1.000000e+01 0.000000e+00 0.000000e+00)
0.177278      	6.339905e+00	(1.000000e+01 0.000000e+00 0.000000e+00)
0.17746       	6.368377e+00	(1.000000e+01 0.000000e+00 0.000000e+00)
0.177641      	6.394427e+00	(1.000000e+01 0.000000e+00 0.000000e+00)
0.177823      	6.371041e+00	(1.000000e+01 0.000000e+00 0.000000e+00)
0.178004      	6.355160e+00	(1.000000e+01 0.000000e+00 0.000000e+00)
0.178185      	6.284633e+00	(1.000000e+01 0.000000e+00 0.000000e+00)
0.178367      	6.229174e+00	(1.000000e+01 0.000000e+00 0.000000e+00)
0.178548      	6.126467e+00	(1.000000e+01 0.000000e+00 0.000000e+00)
0.17873       	6.014243e+00	(1.000000e+01 0.000000e+00 0.000000e+00)
0.178911      	5.846123e+00	(1.000000e+01 0.000000e+00 0.000000e+00)
0.179093      	5.694575e+00	(1.000000e+01 0.000000e+00 0.000000e+00)
0.179274      	5.494475e+00	(1.000000e+01 0.000000e+00 0.000000e+00)
0.179456      	5.287272e+00	(1.000000e+01 0.000000e+00 0.000000e+00)
0.179637      	5.078219e+00	(1.000000e+01 0.000000e+00 0.000000e+00)
0.179819      	4.829693e+00	(1.000000e+01 0.000000e+00 0.000000e+00)
0.18          	4.631090e+00	(1.000000e+01 0.000000e+00 0.000000e+00)
0.180196      	4.307336e+00	(1.000000e+01 0.000000e+00 0.000000e+00)
0.180396      	4.112005e+00	(1.000000e+01 0.000000e+00 0.000000e+00)
0.180596      	3.803142e+00	(1.000000e+01 0.000000e+00 0.000000e+00)
0.180796      	3.621462e+00	(1.000000e+01 0.000000e+00 0.000000e+00)
0.180996      	3.351322e+00	(1.000000e+01 0.000000e+00 0.000000e+00)
0.181201      	3.182858e+00	(1.000000e+01 0.000000e+00 0.000000e+00)
0.181406      	2.980586e+00	(1.000000e+01 0.000000e+00 0.000000e+00)
0.18161       	2.869934e+00	(1.000000e+01 0.000000e+00 0.000000e+00)
0.18182       	2.765807e+00	(1.000000e+01 0.000000e+00 0.000000e+00)
0.18203       	2.688845e+00	(1.000000e+01 0.000000e+00 0.000000e+00)
0.18224       	2.641165e+00	(1.000000e+01 0.000000e+00 0.000000e+00)
0.182455      	2.633132e+00	(1.000000e+01 0.000000e+00 0.000000e+00)
0.182671      	2.651702e+00	(1.000000e+01 0.000000e+00 0.000000e+00)
0.182886      	2.722306e+00	(1.000000e+01 0.000000e+00 0.000000e+00)
0.183102      	2.797900e+00	(1.000000e+01 0.000000e+00 0.000000e+00)
0.183324      	2.900719e+00	(1.000000e+01 0.000000e+00 0.000000e+00)
0.183547      	3.035597e+00	(1.000000e+01 0.000000e+00 0.000000e+00)
0.183769      	3.209868e+00	(1.000000e+01 0.000000e+00 0.000000e+00)
0.183992      	3.376697e+00	(1.000000e+01 0.000000e+00 0.000000e+00)
0.184214      	3.607602e+00	(1.000000e+01 0.000000e+00 0.000000e+00)
0.184446      	3.787173e+00	(1.000000e+01 0.000000e+00 0.000000e+00)
0.184677      	4.100227e+00	(1.000000e+01 0.000000e+00 0.000000e+00)
0.184909      	4.361450e+00	(1.000000e+01 0.000000e+00 0.000000e+00)
0.18514       	4.680354e+00	(1.000000e+01 0.000000e+00 0.000000e+00)
0.185372      	4.991733e+00	(1.000000e+01 0.000000e+00 0.000000e+00)
0.185603      	5.347873e+00	(1.000000e+01 0.000000e+00 0.000000e+00)
0.185834      	5.640094e+00	(1.000000e+01 0.000000e+00 0.000000e+00)
0.186054      	6.110049e+00	(1.000000e+01 0.000000e+00 0.000000e+00)
0.186273      	6.427367e+00	(1.000000e+01 0.000000e+00 0.000000e+00)
0.186492      	6.882620e+00	(1.000000e+01 0.000000e+00 0.000000e+00)
0.186711      	7.194275e+00	(1.000000e+01 0.000000e+00 0.000000e+00)
0.186931      	7.607410e+00	(1.000000e+01 0.000000e+00 0.000000e+00)
0.18715       	7.893339e+00	(1.000000e+01 0.000000e+00 0.000000e+00)
0.187369      	8.257083e+00	(1.000000e+01 0.000000e+00 0.000000e+00)
0.187588      	8.498968e+00	(1.000000e+01 0.000000e+00 0.000000e+00)
0.187808      	8.765617e+00	(1.000000e+01 0.000000e+00 0.000000e+00)
0.188027      	8.916745e+00	(1.000000e+01 0.000000e+00 0.000000e+00)
0.188246      	9.065591e+00	(1.000000e+01 0.000000e+00 0.000000e+00)
0.188465      	9.116376e+00	(1.000000e+01 0.000000e+00 0.000000e+00)
0.188685      	9.139802e+00	(1.000000e+01 0.000000e+00 0.000000e+00)
0.188904      	9.095975e+00	(1.000000e+01 0.000000e+00 0.000000e+00)
0.189123      	9.019284e+00	(1.000000e+01 0.000000e+00 0.000000e+00)
0.189342      	8.859257e+00	(1.000000e+01 0.000000e+00 0.000000e+00)
0.189562      	8.683556e+00	(1.000000e+01 0.000000e+00 0.000000e+00)
0.189781      	8.448818e+00	(1.000000e+01 0.000000e+00 0.000000e+00)
0.19          	8.196151e+00	(1.000000e+01 0.000000e+00 0.000000e+00)
0.190233      	7.858946e+00	(1.000000e+01 0.000000e+00 0.000000e+00)
0.190465      	7.578995e+00	(1.000000e+01 0.000000e+00 0.000000e+00)
0.190698      	7.267763e+00	(1.000000e+01 0.000000e+00 0.000000e+00)
0.19093       	6.980002e+00	(1.000000e+01 0.000000e+00 0.000000e+00)
0.191163      	6.747122e+00	(1.000000e+01 0.000000e+00 0.000000e+00)
0.191395      	6.407500e+00	(1.000000e+01 0.000000e+00 0.000000e+00)
0.191628      	6.163887e+00	(1.000000e+01 0.000000e+00 0.000000e+00)
0.19186       	5.848648e+00	(1.000000e+01 0.000000e+00 0.000000e+00)
0.192087      	5.633197e+00	(1.000000e+01 0.000000e+00 0.000000e+00)
0.192313      	5.333712e+00	(1.000000e+01 0.000000e+00 0.000000e+00)
0.192539      	5.116214e+00	(1.000000e+01 0.000000e+00 0.000000e+00)
0.192765      	4.830122e+00	(1.000000e+01 0.000000e+00 0.000000e+00)
0.192991      	4.638442e+00	(1.000000e+01 0.000000e+00 0.000000e+00)
0.193217      	4.349999e+00	(1.000000e+01 0.000000e+00 0.000000e+00)
0.193443      	4.189130e+00	(1.000000e+01 0.000000e+00 0.000000e+00)
0.193669      	3.936434e+00	(1.000000e+01 0.000000e+00 0.000000e+00)
0.193895      	3.785614e+00	(1.000000e+01 0.000000e+00 0.000000e+00)
0.194121      	3.596812e+00	(1.000000e+01 0.000000e+00 0.000000e+00)
0.194348      	3.425882e+00	(1.000000e+01 0.000000e+00 0.000000e+00)
0.194565      	3.393609e+00	(1.000000e+01 0.000000e+00 0.000000e+00)
0.194782      	3.300170e+00	(1.000000e+01 0.000000e+00 0.000000e+00)
0.195         	3.309019e+00	(1.000000e+01 0.000000e+00 0.000000e+00)
0.195208      	3.324023e+00	(1.000000e+01 0.000000e+00 0.000000e+00)
0.195416      	3.383880e+00	(1.000000e+01 0.000000e+00 0.000000e+00)
0.195625      	3.379049e+00	(1.000000e+01 0.000000e+00 0.000000e+00)
0.195824      	3.547496e+00	(1.000000e+01 0.000000e+00 0.000000e+00)
0.196023      	3.622622e+00	(1.000000e+01 0.000000e+00 0.000000e+00)
0.196221      	3.802697e+00	(1.000000e+01 0.000000e+00 0.000000e+00)
0.19642       	3.946359e+00	(1.000000e+01 0.000000e+00 0.000000e+00)
0.196609      	4.203294e+00	(1.000000e+01 0.000000e+00 0.000000e+00)
0.196797      	4.361295e+00	(1.000000e+01 0.000000e+00 0.000000e+00)
0.196985      	4.599337e+00	(1.000000e+01 0.000000e+00 0.000000e+00)
0.197174      	4.813172e+00	(1.000000e+01 0.000000e+00 0.000000e+00)
0.197362      	5.018364e+00	(1.000000e+01 0.000000e+00 0.000000e+00)
0.197551      	5.226813e+00	(1.000000e+01 0.000000e+00 0.000000e+00)
0.197739      	5.417904e+00	(1.000000e+01 0.000000e+00 0.000000e+00)
0.197913      	5.639097e+00	(1.000000e+01 0.000000e+00 0.000000e+00)
0.198087      	5.784237e+00	(1.000000e+01 0.000000e+00 0.000000e+00)
0.198261      	5.913875e+00	(1.000000e+01 0.000000e+00 0.000000e+00)
0.198435      	6.044241e+00	(1.000000e+01 0.000000e+00 0.000000e+00)
0.198609      	6.152507e+00	(1.000000e+01 0.000000e+00 0.000000e+00)
0.198783      	6.213745e+00	(1.000000e+01 0.000000e+00 0.000000e+00)
0.198957      	6.260982e+00	(1.000000e+01 0.000000e+00 0.000000e+00)
0.19913       	6.279070e+00	(1.000000e+01 0.000000e+00 0.000000e+00)
0.199304      	6.283468e+00	(1.000000e+01 0.000000e+00 0.000000e+00)
0.199478      	6.250855e+00	(1.000000e+01 0.000000e+00 0.000000e+00)
0.199652      	6.222583e+00	(1.000000e+01 0.000000e+00 0.000000e+00)
0.199826      	6.141331e+00	(1.000000e+01 0.000000e+00 0.000000e+00)
0.2           	6.057278e+00	(1.000000e+01 0.000000e+00 0.000000e+00)
0.200182      	5.914410e+00	(1.000000e+01 0.000000e+00 0.000000e+00)
0.200364      	5.854894e+00	(1.000000e+01 0.000000e+00 0.000000e+00)
0.200545      	5.687749e+00	(1.000000e+01 0.000000e+00 0.000000e+00)
0.200727      	5.665685e+00	(1.000000e+01 0.000000e+00 0.000000e+00)
0.200909      	5.494409e+00	(1.000000e+01 0.000000e+00 0.000000e+00)
0.201091      	5.447658e+00	(1.000000e+01 0.000000e+00 0.000000e+00)
0.201273      	5.327083e+00	(1.000000e+01 0.000000e+00 0.000000e+00)
0.201455      	5.280089e+00	(1.000000e+01 0.000000e+00 0.000000e+00)
0.201636      	5.179229e+00	(1.000000e+01 0.000000e+00 0.000000e+00)
0.201822      	5.166310e+00	(1.000000e+01 0.000000e+00 0.000000e+00)
0.202008      	5.078950e+00	(1.000000e+01 0.000000e+00 0.000000e+00)
0.202194      	5.085102e+00	(1.000000e+01 0.000000e+00 0.000000e+00)
0.20238       	5.025284e+00	(1.000000e+01 0.000000e+00 0.000000e+00)
0.202566      	5.086362e+00	(1.000000e+01 0.000000e+00 0.000000e+00)
0.202752      	5.082118e+00	(1.000000e+01 0.000000e+00 0.000000e+00)
0.202937      	5.124667e+00	(1.000000e+01 0.000000e+00 0.000000e+00)
0.203123      	5.156307e+00	(1.000000e+01 0.000000e+00 0.000000e+00)
0.203309      	5.222043e+00	(1.000000e+01 0.000000e+00 0.000000e+00)
0.203495      	5.261821e+00	(1.000000e+01 0.000000e+00 0.000000e+00)
0.203681      	5.343358e+00	(1.000000e+01 0.000000e+00 0.000000e+00)
0.203867      	5.383511e+00	(1.000000e+01 0.000000e+00 0.000000e+00)
0.204053      	5.452726e+00	(1.000000e+01 0.000000e+00 0.000000e+00)
0.204238      	5.476361e+00	(1.000000e+01 0.000000e+00 0.000000e+00)
0.204424      	5.541123e+00	(1.000000e+01 0.000000e+00 0.000000e+00)
0.20461       	5.527005e+00	(1.000000e+01 0.000000e+00 0.000000e+00)
0.204796      	5.568929e+00	(1.000000e+01 0.000000e+00 0.000000e+00)
0.204982      	5.529824e+00	(1.000000e+01 0.000000e+00 0.000000e+00)
0.205168      	5.529345e+00	(1.000000e+01 0.000000e+00 0.000000e+00)
0.205354      	5.459503e+00	(1.000000e+01 0.000000e+00 0.000000e+00)
0.205547      	5.399546e+00	(1.000000e+01 0.000000e+00 0.000000e+00)
0.205741      	5.291586e+00	(1.000000e+01 0.000000e+00 0.000000e+00)
0.205934      	5.198212e+00	(1.000000e+01 0.000000e+00 0.000000e+00)
0.206128      	5.048882e+00	(1.000000e+01 0.000000e+00 0.000000e+00)
0.206322      	4.912784e+00	(1.000000e+01 0.000000e+00 0.000000e+00)
0.206515      	4.731353e+00	(1.000000e+01 0.000000e+00 0.000000e+00)
0.206709      	4.603775e+00	(1.000000e+01 0.000000e+00 0.000000e+00)
0.206902      	4.376070e+00	(1.000000e+01 0.000000e+00 0.000000e+00)
0.207096      	4.217505e+00	(1.000000e+01 0.000000e+00 0.000000e+00)
0.20729       	4.018907e+00	(1.000000e+01 0.000000e+00 0.000000e+00)
0.207483      	3.997655e+00	(1.000000e+01 0.000000e+00 0.000000e+00)
0.207677      	3.760059e+00	(1.000000e+01 0.000000e+00 0.000000e+00)
0.20787       	3.698868e+00	(1.000000e+01 0.000000e+00 0.000000e+00)
0.208064      	3.581794e+00	(1.000000e+01 0.000000e+00 0.000000e+00)
0.208258      	3.576488e+00	(1.000000e+01 0.000000e+00 0.000000e+00)
0.208451      	3.592750e+00	(1.000000e+01 0.000000e+00 0.000000e+00)
0.208645      	3.621613e+00	(1.000000e+01 0.000000e+00 0.000000e+00)
0.208838      	3.688961e+00	(1.000000e+01 0.000000e+00 0.000000e+00)
0.209032      	3.826189e+00	(1.000000e+01 0.000000e+00 0.000000e+00)
0.209226      	3.957298e+00	(1.000000e+01 0.000000e+00 0.000000e+00)
0.209419      	4.152188e+00	(1.000000e+01 0.000000e+00 0.000000e+00)
0.209613      	4.376190e+00	(1.000000e+01 0.000000e+00 0.000000e+00)
0.209806      	4.645846e+00	(1.000000e+01 0.000000e+00 0.000000e+00)
0.21          	4.899286e+00	(1.000000e+01 0.000000e+00 0.000000e+00)
0.210217      	5.190326e+00	(1.000000e+01 0.000000e+00 0.000000e+00)
0.210435      	5.593859e+00	(1.000000e+01 0.000000e+00 0.000000e+00)
0.210657      	5.919185e+00	(1.000000e+01 0.000000e+00 0.000000e+00)
0.21088       	6.290257e+00	(1.000000e+01 0.000000e+00 0.000000e+00)
0.211102      	6.621898e+00	(1.000000e+01 0.000000e+00 0.000000e+00)
0.211325      	6.954401e+00	(1.000000e+01 0.000000e+00 0.000000e+00)
0.211547      	7.227658e+00	(1.000000e+01 0.000000e+00 0.000000e+00)
0.211775      	7.492680e+00	(1.000000e+01 0.000000e+00 0.000000e+00)
0.212004      	7.716210e+00	(1.000000e+01 0.000000e+00 0.000000e+00)
0.212232      	7.893125e+00	(1.000000e+01 0.000000e+00 0.000000e+00)
0.212461      	8.044035e+00	(1.000000e+01 0.000000e+00 0.000000e+00)
0.212689      	8.140918e+00	(1.000000e+01 0.000000e+00 0.000000e+00)
0.212918      	8.205144e+00	(1.000000e+01 0.000000e+00 0.000000e+00)
0.213139      	8.256082e+00	(1.000000e+01 0.000000e+00 0.000000e+00)
0.21336       	8.274296e+00	(1.000000e+01 0.000000e+00 0.000000e+00)
0.213582      	8.275249e+00	(1.000000e+01 0.000000e+00 0.000000e+00)
0.213803      	8.232652e+00	(1.000000e+01 0.000000e+00 0.000000e+00)
0.214024      	8.192550e+00	(1.000000e+01 0.000000e+00 0.000000e+00)
0.214246      	8.131665e+00	(1.000000e+01 0.000000e+00 0.000000e+00)
0.214467      	8.040295e+00	(1.000000e+01 0.000000e+00 0.000000e+00)
0.214688      	7.939249e+00	(1.000000e+01 0.000000e+00 0.000000e+00)
0.21491       	7.870064e+00	(1.000000e+01 0.000000e+00 0.000000e+00)
0.215131      	7.761650e+00	(1.000000e+01 0.000000e+00 0.000000e+00)
0.215352      	7.687109e+00	(1.000000e+01 0.000000e+00 0.000000e+00)
0.215574      	7.594455e+00	(1.000000e+01 0.000000e+00 0.000000e+00)
0.215795      	7.469758e+00	(1.000000e+01 0.000000e+00 0.000000e+00)
0.216016      	7.433883e+00	(1.000000e+01 0.000000e+00 0.000000e+00)
0.216238      	7.351416e+00	(1.000000e+01 0.000000e+00 0.000000e+00)
0.216459      	7.297763e+00	(1.000000e+01 0.000000e+00 0.000000e+00)
0.21668       	7.254435e+00	(1.000000e+01 0.000000e+00 0.000000e+00)
0.216902      	7.234332e+00	(1.000000e+01 0.000000e+00 0.000000e+00)
0.217123      	7.207743e+00	(1.000000e+01 0.000000e+00 0.000000e+00)
0.217344      	7.192655e+00	(1.000000e+01 0.000000e+00 0.000000e+00)
0.217565      	7.186114e+00	(1.000000e+01 0.000000e+00 0.000000e+00)
0.217787      	7.181950e+00	(1.000000e+01 0.000000e+00 0.000000e+00)
0.218008      	7.180661e+00	(1.000000e+01 0.000000e+00 0.000000e+00)
0.218229      	7.181550e+00	(1.000000e+01 0.000000e+00 0.000000e+00)
0.218451      	7.168033e+00	(1.000000e+01 0.000000e+00 0.000000e+00)
0.218672      	7.214967e+00	(1.000000e+01 0.000000e+00 0.000000e+00)
0.218893      	7.154812e+00	(1.000000e+01 0.000000e+00 0.000000e+00)
0.219115      	7.163869e+00	(1.000000e+01 0.000000e+00 0.000000e+00)
0.219336      	7.099220e+00	(1.000000e+01 0.000000e+00 0.000000e+00)
0.219557      	7.077076e+00	(1.000000e+01 0.000000e+00 0.000000e+00)
0.219779      	6.979399e+00	(1.000000e+01 0.000000e+00 0.000000e+00)
0.22          	6.936267e+00	(1.000000e+01 0.000000e+00 0.000000e+00)
0.220222      	6.766250e+00	(1.000000e+01 0.000000e+00 0.000000e+00)
0.220444      	6.754392e+00	(1.000000e+01 0.000000e+00 0.000000e+00)
0.220667      	6.583855e+00	(1.000000e+01 0.000000e+00 0.000000e+00)
0.220889      	6.525263e+00	(1.000000e+01 0.000000e+00 0.000000e+00)
0.221111      	6.353831e+00	(1.000000e+01 0.000000e+00 0.000000e+00)
0.221333      	6.277885e+00	(1.000000e+01 0.000000e+00 0.000000e+00)
0.221556      	6.060884e+00	(1.000000e+01 0.000000e+00 0.000000e+00)
0.221778      	5.970945e+00	(1.000000e+01 0.000000e+00 0.000000e+00)
0.221994      	5.795531e+00	(1.000000e+01 0.000000e+00 0.000000e+00)
0.222211      	5.663424e+00	(1.000000e+01 0.000000e+00 0.000000e+00)
0.222421      	5.485284e+00	(1.000000e+01 0.000000e+00 0.000000e+00)
0.222632      	5.342896e+00	(1.000000e+01 0.000000e+00 0.000000e+00)
0.222836      	5.157473e+00	(1.000000e+01 0.000000e+00 0.000000e+00)
0.223041      	4.995628e+00	(1.000000e+01 0.000000e+00 0.000000e+00)
0.223246      	4.782345e+00	(1.000000e+01 0.000000e+00 0.000000e+00)
0.223444      	4.614305e+00	(1.000000e+01 0.000000e+00 0.000000e+00)
0.223643      	4.385876e+00	(1.000000e+01 0.000000e+00 0.000000e+00)
0.223842      	4.194745e+00	(1.000000e+01 0.000000e+00 0.000000e+00)
